   934.500000	302.400000	11.618083
   5.000000	302.400000	11.583758	0.000000	-5.000000
   10.000000	302.400000	11.549531	0.000000	-5.000000
   15.000000	302.400000	11.515402	0.000000	-5.000000
   20.000000	302.400000	11.481369	0.000000	-5.000000
   25.000000	302.400000	11.447433	0.000000	-5.000000
   30.000000	302.400000	11.413594	0.000000	-5.000000
   35.000000	302.400000	11.379850	0.000000	-5.000000
   40.000000	302.400000	11.346203	0.000000	-5.000000
   45.000000	302.400000	11.312651	0.000000	-5.000000
   50.000000	302.400000	11.279195	0.000000	-5.000000
   55.000000	302.400000	11.245834	0.000000	-5.000000
   60.000000	302.400000	11.212568	0.000000	-5.000000
   65.000000	302.400000	11.179396	0.000000	-5.000000
   70.000000	302.400000	11.146319	0.000000	-5.000000
   75.000000	302.400000	11.113335	0.000000	-5.000000
   80.000000	302.400000	11.080446	0.000000	-5.000000
   85.000000	302.400000	11.047650	0.000000	-5.000000
   90.000000	302.400000	11.014947	0.000000	-5.000000
   95.000000	302.400000	10.982337	0.000000	-5.000000
   100.000000	302.400000	10.949820	0.000000	-5.000000
   105.000000	302.400000	10.917395	0.000000	-5.000000
   110.000000	302.400000	10.885063	0.000000	-5.000000
   115.000000	302.400000	10.852822	0.000000	-5.000000
   120.000000	302.400000	10.820673	0.000000	-5.000000
   125.000000	302.400000	10.788616	0.000000	-5.000000
   130.000000	302.400000	10.756650	0.000000	-5.000000
   135.000000	302.400000	10.724774	0.000000	-5.000000
   140.000000	302.400000	10.692990	0.000000	-5.000000
   145.000000	302.400000	10.661295	0.000000	-5.000000
   150.000000	302.400000	10.629691	0.000000	-5.000000
   155.000000	302.400000	10.598176	0.000000	-5.000000
   160.000000	302.400000	10.566752	0.000000	-5.000000
   165.000000	302.400000	10.535416	0.000000	-5.000000
   170.000000	302.400000	10.504170	0.000000	-5.000000
   175.000000	302.400000	10.473012	0.000000	-5.000000
   180.000000	302.400000	10.441944	0.000000	-5.000000
   185.000000	302.400000	10.410963	0.000000	-5.000000
   190.000000	302.400000	10.380071	0.000000	-5.000000
   195.000000	302.400000	10.349266	0.000000	-5.000000
   200.000000	302.400000	10.318549	0.000000	-5.000000
   205.000000	302.400000	10.287920	0.000000	-5.000000
   210.000000	302.400000	10.257377	0.000000	-5.000000
   215.000000	302.400000	10.226921	0.000000	-5.000000
   220.000000	302.400000	10.196553	0.000000	-5.000000
   225.000000	302.400000	10.166270	0.000000	-5.000000
   230.000000	302.400000	10.136073	0.000000	-5.000000
   235.000000	302.400000	10.105963	0.000000	-5.000000
   240.000000	302.400000	10.075938	0.000000	-5.000000
   245.000000	302.400000	10.045998	0.000000	-5.000000
   250.000000	302.400000	10.016144	0.000000	-5.000000
   255.000000	302.400000	9.986375	0.000000	-5.000000
   260.000000	302.400000	9.956690	0.000000	-5.000000
   265.000000	302.400000	9.927090	0.000000	-5.000000
   270.000000	302.400000	9.897573	0.000000	-5.000000
   275.000000	302.400000	9.868141	0.000000	-5.000000
   280.000000	302.400000	9.838793	0.000000	-5.000000
   285.000000	302.400000	9.809528	0.000000	-5.000000
   290.000000	302.400000	9.780346	0.000000	-5.000000
   295.000000	302.400000	9.751248	0.000000	-5.000000
   300.000000	302.400000	9.722232	0.000000	-5.000000
   305.000000	302.400000	9.693299	0.000000	-5.000000
   310.000000	302.400000	9.664448	0.000000	-5.000000
   315.000000	302.400000	9.635679	0.000000	-5.000000
   320.000000	302.400000	9.606992	0.000000	-5.000000
   325.000000	302.400000	9.578387	0.000000	-5.000000
   330.000000	302.400000	9.549863	0.000000	-5.000000
   335.000000	302.400000	9.521421	0.000000	-5.000000
   340.000000	302.400000	9.493059	0.000000	-5.000000
   345.000000	302.400000	9.464778	0.000000	-5.000000
   350.000000	302.400000	9.436577	0.000000	-5.000000
   355.000000	302.400000	9.408457	0.000000	-5.000000
   360.000000	302.400000	9.380417	0.000000	-5.000000
   365.000000	302.400000	9.352457	0.000000	-5.000000
   370.000000	302.400000	9.324576	0.000000	-5.000000
   375.000000	302.400000	9.296775	0.000000	-5.000000
   380.000000	302.400000	9.269052	0.000000	-5.000000
   385.000000	302.400000	9.241409	0.000000	-5.000000
   390.000000	302.400000	9.213845	0.000000	-5.000000
   395.000000	302.400000	9.186358	0.000000	-5.000000
   400.000000	302.400000	9.158951	0.000000	-5.000000
   405.000000	302.400000	9.131621	0.000000	-5.000000
   410.000000	302.400000	9.104369	0.000000	-5.000000
   415.000000	302.400000	9.077195	0.000000	-5.000000
   420.000000	302.400000	9.050098	0.000000	-5.000000
   425.000000	302.400000	9.023078	0.000000	-5.000000
   430.000000	302.400000	8.996135	0.000000	-5.000000
   435.000000	302.400000	8.969269	0.000000	-5.000000
   440.000000	302.400000	8.942480	0.000000	-5.000000
   445.000000	302.400000	8.915767	0.000000	-5.000000
   450.000000	302.400000	8.889130	0.000000	-5.000000
   455.000000	302.400000	8.862568	0.000000	-5.000000
   460.000000	302.400000	8.836083	0.000000	-5.000000
   465.000000	302.400000	8.809673	0.000000	-5.000000
   470.000000	302.400000	8.783338	0.000000	-5.000000
   475.000000	302.400000	8.757078	0.000000	-5.000000
   480.000000	302.400000	8.730893	0.000000	-5.000000
   485.000000	302.400000	8.704783	0.000000	-5.000000
   490.000000	302.400000	8.678747	0.000000	-5.000000
   495.000000	302.400000	8.652786	0.000000	-5.000000
   500.000000	302.400000	8.626898	0.000000	-5.000000
   505.000000	302.400000	8.601084	0.000000	-5.000000
   510.000000	302.400000	8.575344	0.000000	-5.000000
   515.000000	302.400000	8.549677	0.000000	-5.000000
   520.000000	302.400000	8.524083	0.000000	-5.000000
   525.000000	302.400000	8.498563	0.000000	-5.000000
   530.000000	302.400000	8.473115	0.000000	-5.000000
   535.000000	302.400000	8.447739	0.000000	-5.000000
   540.000000	302.400000	8.422436	0.000000	-5.000000
   545.000000	302.400000	8.397206	0.000000	-5.000000
   550.000000	302.400000	8.372047	0.000000	-5.000000
   555.000000	302.400000	8.346960	0.000000	-5.000000
   560.000000	302.400000	8.321944	0.000000	-5.000000
   565.000000	302.400000	8.297000	0.000000	-5.000000
   570.000000	302.400000	8.272127	0.000000	-5.000000
   575.000000	302.400000	8.247325	0.000000	-5.000000
   580.000000	302.400000	8.222593	0.000000	-5.000000
   585.000000	302.400000	8.197933	0.000000	-5.000000
   590.000000	302.400000	8.173342	0.000000	-5.000000
   595.000000	302.400000	8.148822	0.000000	-5.000000
   600.000000	302.400000	8.124372	0.000000	-5.000000
   605.000000	302.400000	8.099991	0.000000	-5.000000
   610.000000	302.400000	8.075681	0.000000	-5.000000
   615.000000	302.400000	8.051439	0.000000	-5.000000
   620.000000	302.400000	8.027267	0.000000	-5.000000
   625.000000	302.400000	8.003164	0.000000	-5.000000
   630.000000	302.400000	7.979129	0.000000	-5.000000
   635.000000	302.400000	7.955163	0.000000	-5.000000
   640.000000	302.400000	7.931266	0.000000	-5.000000
   645.000000	302.400000	7.907437	0.000000	-5.000000
   650.000000	302.400000	7.883676	0.000000	-5.000000
   655.000000	302.400000	7.859983	0.000000	-5.000000
   660.000000	302.417500	7.844970	0.000000	-5.000000
   665.000000	302.435000	7.829983	0.000000	-5.000000
   670.000000	302.452500	7.815023	0.000000	-5.000000
   675.000000	302.470000	7.800089	0.000000	-5.000000
   680.000000	302.487500	7.785181	0.000000	-5.000000
   685.000000	302.505000	7.770299	0.000000	-5.000000
   690.000000	302.522500	7.755443	0.000000	-5.000000
   695.000000	302.540000	7.740613	0.000000	-5.000000
   700.000000	302.557500	7.725809	0.000000	-5.000000
   705.000000	302.575000	7.711030	0.000000	-5.000000
   710.000000	302.592500	7.696278	0.000000	-5.000000
   715.000000	302.610000	7.681551	0.000000	-5.000000
   720.000000	302.627500	7.666851	0.000000	-5.000000
   725.000000	302.645000	7.652175	0.000000	-5.000000
   730.000000	302.662500	7.637526	0.000000	-5.000000
   735.000000	302.680000	7.622902	0.000000	-5.000000
   740.000000	302.697500	7.608304	0.000000	-5.000000
   745.000000	302.715000	7.593731	0.000000	-5.000000
   750.000000	302.732500	7.579184	0.000000	-5.000000
   755.000000	302.750000	7.564662	0.000000	-5.000000
   760.000000	302.767500	7.550166	0.000000	-5.000000
   765.000000	302.785000	7.535695	0.000000	-5.000000
   770.000000	302.802500	7.521250	0.000000	-5.000000
   775.000000	302.820000	7.506830	0.000000	-5.000000
   780.000000	302.837500	7.492435	0.000000	-5.000000
   785.000000	302.855000	7.478065	0.000000	-5.000000
   790.000000	302.872500	7.463720	0.000000	-5.000000
   795.000000	302.890000	7.449401	0.000000	-5.000000
   800.000000	302.907500	7.435107	0.000000	-5.000000
   805.000000	302.925000	7.420837	0.000000	-5.000000
   810.000000	302.942500	7.406593	0.000000	-5.000000
   815.000000	302.960000	7.392374	0.000000	-5.000000
   820.000000	302.977500	7.378180	0.000000	-5.000000
   825.000000	302.995000	7.364010	0.000000	-5.000000
   830.000000	303.012500	7.349866	0.000000	-5.000000
   835.000000	303.030000	7.335746	0.000000	-5.000000
   840.000000	303.047500	7.321651	0.000000	-5.000000
   845.000000	303.065000	7.307581	0.000000	-5.000000
   850.000000	303.082500	7.293535	0.000000	-5.000000
   855.000000	303.100000	7.279514	0.000000	-5.000000
   860.000000	303.117500	7.265518	0.000000	-5.000000
   865.000000	303.135000	7.251546	0.000000	-5.000000
   870.000000	303.152500	7.237599	0.000000	-5.000000
   875.000000	303.170000	7.223676	0.000000	-5.000000
   880.000000	303.187500	7.209778	0.000000	-5.000000
   885.000000	303.205000	7.195904	0.000000	-5.000000
   890.000000	303.222500	7.182055	0.000000	-5.000000
   895.000000	303.240000	7.168230	0.000000	-5.000000
   900.000000	303.257500	7.154429	0.000000	-5.000000
   905.000000	303.275000	7.140653	0.000000	-5.000000
   910.000000	303.292500	7.126900	0.000000	-5.000000
   915.000000	303.310000	7.113172	0.000000	-5.000000
   920.000000	303.327500	7.099468	0.000000	-5.000000
   925.000000	303.345000	7.085789	0.000000	-5.000000
   930.000000	303.362500	7.072133	0.000000	-5.000000
   935.000000	303.380000	7.058501	0.000000	-5.000000
   940.000000	303.397500	7.044893	0.000000	-5.000000
   945.000000	303.415000	7.031310	0.000000	-5.000000
   950.000000	303.432500	7.017750	0.000000	-5.000000
   955.000000	303.450000	7.004214	0.000000	-5.000000
   960.000000	303.467500	6.990701	0.000000	-5.000000
   965.000000	303.485000	6.977213	0.000000	-5.000000
   970.000000	303.502500	6.963748	0.000000	-5.000000
   975.000000	303.520000	6.950307	0.000000	-5.000000
   980.000000	303.537500	6.936890	0.000000	-5.000000
   985.000000	303.555000	6.923496	0.000000	-5.000000
   990.000000	303.572500	6.910126	0.000000	-5.000000
   995.000000	303.590000	6.896780	0.000000	-5.000000
   1000.000000	303.607500	6.883457	0.000000	-5.000000
   1005.000000	303.625000	6.870158	0.000000	-5.000000
   1010.000000	303.642500	6.856882	0.000000	-5.000000
   1015.000000	303.660000	6.843629	0.000000	-5.000000
   1020.000000	303.677500	6.830400	0.000000	-5.000000
   1025.000000	303.695000	6.817194	0.000000	-5.000000
   1030.000000	303.712500	6.804011	0.000000	-5.000000
   1035.000000	303.730000	6.790852	0.000000	-5.000000
   1040.000000	303.747500	6.777716	0.000000	-5.000000
   1045.000000	303.765000	6.764603	0.000000	-5.000000
   1050.000000	303.782500	6.751513	0.000000	-5.000000
   1055.000000	303.800000	6.738447	0.000000	-5.000000
   1060.000000	303.817500	6.725403	0.000000	-5.000000
   1065.000000	303.835000	6.712383	0.000000	-5.000000
   1070.000000	303.852500	6.699385	0.000000	-5.000000
   1075.000000	303.870000	6.686410	0.000000	-5.000000
   1080.000000	303.887500	6.673459	0.000000	-5.000000
   1085.000000	303.905000	6.660530	0.000000	-5.000000
   1090.000000	303.922500	6.647624	0.000000	-5.000000
   1095.000000	303.940000	6.634741	0.000000	-5.000000
   1100.000000	303.957500	6.621880	0.000000	-5.000000
   1105.000000	303.975000	6.609043	0.000000	-5.000000
   1110.000000	303.992500	6.596228	0.000000	-5.000000
   1115.000000	304.010000	6.583436	0.000000	-5.000000
   1120.000000	304.027500	6.570666	0.000000	-5.000000
   1125.000000	304.045000	6.557919	0.000000	-5.000000
   1130.000000	304.062500	6.545195	0.000000	-5.000000
   1135.000000	304.080000	6.532493	0.000000	-5.000000
   1140.000000	304.097500	6.519813	0.000000	-5.000000
   1145.000000	304.115000	6.507156	0.000000	-5.000000
   1150.000000	304.132500	6.494521	0.000000	-5.000000
   1155.000000	304.150000	6.481909	0.000000	-5.000000
   1160.000000	304.167500	6.469319	0.000000	-5.000000
   1165.000000	304.185000	6.456752	0.000000	-5.000000
   1170.000000	304.202500	6.444206	0.000000	-5.000000
   1175.000000	304.220000	6.431683	0.000000	-5.000000
   1180.000000	304.237500	6.419182	0.000000	-5.000000
   1185.000000	304.255000	6.406703	0.000000	-5.000000
   1190.000000	304.272500	6.394247	0.000000	-5.000000
   1195.000000	304.290000	6.381812	0.000000	-5.000000
   1200.000000	304.307500	6.369399	0.000000	-5.000000
   1205.000000	304.325000	6.357009	0.000000	-5.000000
   1210.000000	304.342500	6.344640	0.000000	-5.000000
   1215.000000	304.360000	6.332294	0.000000	-5.000000
   1220.000000	304.377500	6.319969	0.000000	-5.000000
   1225.000000	304.395000	6.307666	0.000000	-5.000000
   1230.000000	304.412500	6.295385	0.000000	-5.000000
   1235.000000	304.430000	6.283126	0.000000	-5.000000
   1240.000000	304.447500	6.270888	0.000000	-5.000000
   1245.000000	304.465000	6.258673	0.000000	-5.000000
   1250.000000	304.482500	6.246478	0.000000	-5.000000
   1255.000000	304.500000	6.234306	0.000000	-5.000000
   1260.000000	304.517500	6.222155	0.000000	-5.000000
   1265.000000	304.535000	6.210026	0.000000	-5.000000
   1270.000000	304.552500	6.197918	0.000000	-5.000000
   1275.000000	304.570000	6.185832	0.000000	-5.000000
   1280.000000	304.587500	6.173768	0.000000	-5.000000
   1285.000000	304.605000	6.161724	0.000000	-5.000000
   1290.000000	304.622500	6.149703	0.000000	-5.000000
   1295.000000	304.640000	6.137702	0.000000	-5.000000
   1300.000000	304.657500	6.125723	0.000000	-5.000000
   1305.000000	304.675000	6.113765	0.000000	-5.000000
   1310.000000	304.692500	6.101829	0.000000	-5.000000
   1315.000000	304.710000	6.089913	0.000000	-5.000000
   1320.000000	304.727500	6.078019	0.000000	-5.000000
   1325.000000	304.745000	6.066146	0.000000	-5.000000
   1330.000000	304.762500	6.054295	0.000000	-5.000000
   1335.000000	304.780000	6.042464	0.000000	-5.000000
   1340.000000	304.797500	6.030654	0.000000	-5.000000
   1345.000000	304.815000	6.018866	0.000000	-5.000000
   1350.000000	304.832500	6.007098	0.000000	-5.000000
   1355.000000	304.850000	5.995352	0.000000	-5.000000
   1360.000000	304.867500	5.983626	0.000000	-5.000000
   1365.000000	304.885000	5.971921	0.000000	-5.000000
   1370.000000	304.902500	5.960237	0.000000	-5.000000
   1375.000000	304.920000	5.948574	0.000000	-5.000000
   1380.000000	304.937500	5.936932	0.000000	-5.000000
   1385.000000	304.955000	5.925310	0.000000	-5.000000
   1390.000000	304.972500	5.913709	0.000000	-5.000000
   1395.000000	304.990000	5.902129	0.000000	-5.000000
   1400.000000	305.007500	5.890569	0.000000	-5.000000
   1405.000000	305.025000	5.879031	0.000000	-5.000000
   1410.000000	305.042500	5.867512	0.000000	-5.000000
   1415.000000	305.060000	5.856015	0.000000	-5.000000
   1420.000000	305.077500	5.844537	0.000000	-5.000000
   1425.000000	305.095000	5.833081	0.000000	-5.000000
   1430.000000	305.112500	5.821644	0.000000	-5.000000
   1435.000000	305.130000	5.810228	0.000000	-5.000000
   1440.000000	305.147500	5.798833	0.000000	-5.000000
   1445.000000	305.165000	5.787458	0.000000	-5.000000
   1450.000000	305.182500	5.776103	0.000000	-5.000000
   1455.000000	305.200000	5.764769	0.000000	-5.000000
   1460.000000	305.217500	5.753454	0.000000	-5.000000
   1465.000000	305.235000	5.742160	0.000000	-5.000000
   1470.000000	305.252500	5.730886	0.000000	-5.000000
   1475.000000	305.270000	5.719633	0.000000	-5.000000
   1480.000000	305.287500	5.708399	0.000000	-5.000000
   1485.000000	305.305000	5.697186	0.000000	-5.000000
   1490.000000	305.322500	5.685992	0.000000	-5.000000
   1495.000000	305.340000	5.674819	0.000000	-5.000000
   1500.000000	305.357500	5.663666	0.000000	-5.000000
   1505.000000	305.375000	5.652532	0.000000	-5.000000
   1510.000000	305.392500	5.641419	0.000000	-5.000000
   1515.000000	305.410000	5.630325	0.000000	-5.000000
   1520.000000	305.427500	5.619251	0.000000	-5.000000
   1525.000000	305.445000	5.608197	0.000000	-5.000000
   1530.000000	305.462500	5.597163	0.000000	-5.000000
   1535.000000	305.480000	5.586149	0.000000	-5.000000
   1540.000000	305.497500	5.575154	0.000000	-5.000000
   1545.000000	305.515000	5.564179	0.000000	-5.000000
   1550.000000	305.532500	5.553224	0.000000	-5.000000
   1555.000000	305.550000	5.542288	0.000000	-5.000000
   1560.000000	305.567500	5.531372	0.000000	-5.000000
   1565.000000	305.585000	5.520476	0.000000	-5.000000
   1570.000000	305.602500	5.509599	0.000000	-5.000000
   1575.000000	305.620000	5.498742	0.000000	-5.000000
   1580.000000	305.637500	5.487904	0.000000	-5.000000
   1585.000000	305.655000	5.477085	0.000000	-5.000000
   1590.000000	305.672500	5.466286	0.000000	-5.000000
   1595.000000	305.690000	5.455507	0.000000	-5.000000
   1600.000000	305.707500	5.444746	0.000000	-5.000000
   1605.000000	305.725000	5.434005	0.000000	-5.000000
   1610.000000	305.742500	5.423284	0.000000	-5.000000
   1615.000000	305.760000	5.412581	0.000000	-5.000000
   1620.000000	305.777500	5.401898	0.000000	-5.000000
   1625.000000	305.795000	5.391234	0.000000	-5.000000
   1630.000000	305.812500	5.380589	0.000000	-5.000000
   1635.000000	305.830000	5.369963	0.000000	-5.000000
   1640.000000	305.847500	5.359357	0.000000	-5.000000
   1645.000000	305.865000	5.348769	0.000000	-5.000000
   1650.000000	305.882500	5.338200	0.000000	-5.000000
   1655.000000	305.900000	5.327651	0.000000	-5.000000
   1660.000000	305.917500	5.317120	0.000000	-5.000000
   1665.000000	305.935000	5.306609	0.000000	-5.000000
   1670.000000	305.952500	5.296116	0.000000	-5.000000
   1675.000000	305.970000	5.285642	0.000000	-5.000000
   1680.000000	305.987500	5.275187	0.000000	-5.000000
   1685.000000	306.005000	5.264751	0.000000	-5.000000
   1690.000000	306.022500	5.254334	0.000000	-5.000000
   1695.000000	306.040000	5.243935	0.000000	-5.000000
   1700.000000	306.057500	5.233555	0.000000	-5.000000
   1705.000000	306.075000	5.223194	0.000000	-5.000000
   1710.000000	306.092500	5.212851	0.000000	-5.000000
   1715.000000	306.110000	5.202527	0.000000	-5.000000
   1720.000000	306.127500	5.192222	0.000000	-5.000000
   1725.000000	306.145000	5.181935	0.000000	-5.000000
   1730.000000	306.162500	5.171667	0.000000	-5.000000
   1735.000000	306.180000	5.161418	0.000000	-5.000000
   1740.000000	306.197500	5.151186	0.000000	-5.000000
   1745.000000	306.215000	5.140974	0.000000	-5.000000
   1750.000000	306.232500	5.130779	0.000000	-5.000000
   1755.000000	306.250000	5.120603	0.000000	-5.000000
   1760.000000	306.267500	5.110446	0.000000	-5.000000
   1765.000000	306.285000	5.100307	0.000000	-5.000000
   1770.000000	306.302500	5.090186	0.000000	-5.000000
   1775.000000	306.320000	5.080083	0.000000	-5.000000
   1780.000000	306.337500	5.069999	0.000000	-5.000000
   1785.000000	306.355000	5.059932	0.000000	-5.000000
   1790.000000	306.372500	5.049884	0.000000	-5.000000
   1795.000000	306.390000	5.039854	0.000000	-5.000000
   1800.000000	306.407500	5.029843	0.000000	-5.000000
   1805.000000	306.425000	5.019849	0.000000	-5.000000
   1810.000000	306.442500	5.009873	0.000000	-5.000000
   1815.000000	306.460000	4.999916	0.000000	-5.000000
   1820.000000	306.477500	4.989976	0.000000	-5.000000
   1825.000000	306.495000	4.980055	0.000000	-5.000000
   1830.000000	306.512500	4.970151	0.000000	-5.000000
   1835.000000	306.530000	4.960265	0.000000	-5.000000
   1840.000000	306.547500	4.950397	0.000000	-5.000000
   1845.000000	306.565000	4.940547	0.000000	-5.000000
   1850.000000	306.582500	4.930715	0.000000	-5.000000
   1855.000000	306.600000	4.920901	0.000000	-5.000000
   1860.000000	306.617500	4.911104	0.000000	-5.000000
   1865.000000	306.635000	4.901325	0.000000	-5.000000
   1870.000000	306.652500	4.891564	0.000000	-5.000000
   1875.000000	306.670000	4.881821	0.000000	-5.000000
   1880.000000	306.687500	4.872095	0.000000	-5.000000
   1885.000000	306.705000	4.862387	0.000000	-5.000000
   1890.000000	306.722500	4.852696	0.000000	-5.000000
   1895.000000	306.740000	4.843023	0.000000	-5.000000
   1900.000000	306.757500	4.833368	0.000000	-5.000000
   1905.000000	306.775000	4.823730	0.000000	-5.000000
   1910.000000	306.792500	4.814109	0.000000	-5.000000
   1915.000000	306.810000	4.804506	0.000000	-5.000000
   1920.000000	306.827500	4.794921	0.000000	-5.000000
   1925.000000	306.845000	4.785352	0.000000	-5.000000
   1930.000000	306.862500	4.775801	0.000000	-5.000000
   1935.000000	306.880000	4.766268	0.000000	-5.000000
   1940.000000	306.897500	4.756752	0.000000	-5.000000
   1945.000000	306.915000	4.747253	0.000000	-5.000000
   1950.000000	306.932500	4.737771	0.000000	-5.000000
   1955.000000	306.950000	4.728306	0.000000	-5.000000
   1960.000000	306.967500	4.718859	0.000000	-5.000000
   1965.000000	306.985000	4.709429	0.000000	-5.000000
   1970.000000	307.002500	4.700016	0.000000	-5.000000
   1975.000000	307.020000	4.690620	0.000000	-5.000000
   1980.000000	307.037500	4.681241	0.000000	-5.000000
   1985.000000	307.055000	4.671879	0.000000	-5.000000
   1990.000000	307.072500	4.662535	0.000000	-5.000000
   1995.000000	307.090000	4.653207	0.000000	-5.000000
   2000.000000	307.107500	4.643896	0.000000	-5.000000
   2005.000000	307.125000	4.634602	0.000000	-5.000000
   2010.000000	307.142500	4.625325	0.000000	-5.000000
   2015.000000	307.160000	4.616065	0.000000	-5.000000
   2020.000000	307.177500	4.606822	0.000000	-5.000000
   2025.000000	307.195000	4.597596	0.000000	-5.000000
   2030.000000	307.212500	4.588386	0.000000	-5.000000
   2035.000000	307.230000	4.579193	0.000000	-5.000000
   2040.000000	307.247500	4.570017	0.000000	-5.000000
   2045.000000	307.265000	4.560858	0.000000	-5.000000
   2050.000000	307.282500	4.551715	0.000000	-5.000000
   2055.000000	307.300000	4.542589	0.000000	-5.000000
   2060.000000	307.317500	4.533480	0.000000	-5.000000
   2065.000000	307.335000	4.524387	0.000000	-5.000000
   2070.000000	307.352500	4.515311	0.000000	-5.000000
   2075.000000	307.370000	4.506251	0.000000	-5.000000
   2080.000000	307.387500	4.497208	0.000000	-5.000000
   2085.000000	307.405000	4.488182	0.000000	-5.000000
   2090.000000	307.422500	4.479172	0.000000	-5.000000
   2095.000000	307.440000	4.470178	0.000000	-5.000000
   2100.000000	307.457500	4.461201	0.000000	-5.000000
   2105.000000	307.475000	4.452240	0.000000	-5.000000
   2110.000000	307.492500	4.443295	0.000000	-5.000000
   2115.000000	307.510000	4.434367	0.000000	-5.000000
   2120.000000	307.527500	4.425455	0.000000	-5.000000
   2125.000000	307.545000	4.416560	0.000000	-5.000000
   2130.000000	307.562500	4.407680	0.000000	-5.000000
   2135.000000	307.580000	4.398817	0.000000	-5.000000
   2140.000000	307.597500	4.389970	0.000000	-5.000000
   2145.000000	307.615000	4.381140	0.000000	-5.000000
   2150.000000	307.632500	4.372325	0.000000	-5.000000
   2155.000000	307.650000	4.363527	0.000000	-5.000000
   2160.000000	307.667500	4.354744	0.000000	-5.000000
   2165.000000	307.685000	4.345978	0.000000	-5.000000
   2170.000000	307.702500	4.337228	0.000000	-5.000000
   2175.000000	307.720000	4.328493	0.000000	-5.000000
   2180.000000	307.737500	4.319775	0.000000	-5.000000
   2185.000000	307.755000	4.311073	0.000000	-5.000000
   2190.000000	307.772500	4.302387	0.000000	-5.000000
   2195.000000	307.790000	4.293716	0.000000	-5.000000
   2200.000000	307.807500	4.285062	0.000000	-5.000000
   2205.000000	307.825000	4.276423	0.000000	-5.000000
   2210.000000	307.842500	4.267800	0.000000	-5.000000
   2215.000000	307.860000	4.259193	0.000000	-5.000000
   2220.000000	307.877500	4.250601	0.000000	-5.000000
   2225.000000	307.895000	4.242026	0.000000	-5.000000
   2230.000000	307.912500	4.233466	0.000000	-5.000000
   2235.000000	307.930000	4.224922	0.000000	-5.000000
   2240.000000	307.947500	4.216393	0.000000	-5.000000
   2245.000000	307.965000	4.207881	0.000000	-5.000000
   2250.000000	307.982500	4.199383	0.000000	-5.000000
   2255.000000	308.000000	4.190902	0.000000	-5.000000
   2260.000000	308.017500	4.182436	0.000000	-5.000000
   2265.000000	308.035000	4.173985	0.000000	-5.000000
   2270.000000	308.052500	4.165550	0.000000	-5.000000
   2275.000000	308.070000	4.157131	0.000000	-5.000000
   2280.000000	308.087500	4.148727	0.000000	-5.000000
   2285.000000	308.105000	4.140338	0.000000	-5.000000
   2290.000000	308.122500	4.131965	0.000000	-5.000000
   2295.000000	308.140000	4.123607	0.000000	-5.000000
   2300.000000	308.157500	4.115265	0.000000	-5.000000
   2305.000000	308.175000	4.106938	0.000000	-5.000000
   2310.000000	308.192500	4.098626	0.000000	-5.000000
   2315.000000	308.210000	4.090329	0.000000	-5.000000
   2320.000000	308.227500	4.082048	0.000000	-5.000000
   2325.000000	308.245000	4.073782	0.000000	-5.000000
   2330.000000	308.262500	4.065531	0.000000	-5.000000
   2335.000000	308.280000	4.057296	0.000000	-5.000000
   2340.000000	308.297500	4.049075	0.000000	-5.000000
   2345.000000	308.315000	4.040870	0.000000	-5.000000
   2350.000000	308.332500	4.032680	0.000000	-5.000000
   2355.000000	308.350000	4.024505	0.000000	-5.000000
   2360.000000	308.367500	4.016345	0.000000	-5.000000
   2365.000000	308.385000	4.008200	0.000000	-5.000000
   2370.000000	308.402500	4.000070	0.000000	-5.000000
   2375.000000	308.420000	3.991955	0.000000	-5.000000
   2380.000000	308.437500	3.983855	0.000000	-5.000000
   2385.000000	308.455000	3.975769	0.000000	-5.000000
   2390.000000	308.472500	3.967699	0.000000	-5.000000
   2395.000000	308.490000	3.959644	0.000000	-5.000000
   2400.000000	308.507500	3.951603	0.000000	-5.000000
   2405.000000	308.525000	3.943578	0.000000	-5.000000
   2410.000000	308.542500	3.935567	0.000000	-5.000000
   2415.000000	308.560000	3.927571	0.000000	-5.000000
   2420.000000	308.577500	3.919590	0.000000	-5.000000
   2425.000000	308.595000	3.911623	0.000000	-5.000000
   2430.000000	308.612500	3.903671	0.000000	-5.000000
   2435.000000	308.630000	3.895734	0.000000	-5.000000
   2440.000000	308.647500	3.887812	0.000000	-5.000000
   2445.000000	308.665000	3.879904	0.000000	-5.000000
   2450.000000	308.682500	3.872011	0.000000	-5.000000
   2455.000000	308.700000	3.864132	0.000000	-5.000000
   2460.000000	308.717500	3.856268	0.000000	-5.000000
   2465.000000	308.735000	3.848418	0.000000	-5.000000
   2470.000000	308.752500	3.840583	0.000000	-5.000000
   2475.000000	308.770000	3.832763	0.000000	-5.000000
   2480.000000	308.787500	3.824957	0.000000	-5.000000
   2485.000000	308.805000	3.817165	0.000000	-5.000000
   2490.000000	308.822500	3.809388	0.000000	-5.000000
   2495.000000	308.840000	3.801625	0.000000	-5.000000
   2500.000000	308.857500	3.793877	0.000000	-5.000000
   2505.000000	308.875000	3.786143	0.000000	-5.000000
   2510.000000	308.892500	3.778423	0.000000	-5.000000
   2515.000000	308.910000	3.770717	0.000000	-5.000000
   2520.000000	308.927500	3.763026	0.000000	-5.000000
   2525.000000	308.945000	3.755349	0.000000	-5.000000
   2530.000000	308.962500	3.747687	0.000000	-5.000000
   2535.000000	308.980000	3.740038	0.000000	-5.000000
   2540.000000	308.997500	3.732404	0.000000	-5.000000
   2545.000000	309.015000	3.724784	0.000000	-5.000000
   2550.000000	309.032500	3.717178	0.000000	-5.000000
   2555.000000	309.050000	3.709586	0.000000	-5.000000
   2560.000000	309.067500	3.702008	0.000000	-5.000000
   2565.000000	309.085000	3.694444	0.000000	-5.000000
   2570.000000	309.102500	3.686894	0.000000	-5.000000
   2575.000000	309.120000	3.679359	0.000000	-5.000000
   2580.000000	309.137500	3.671837	0.000000	-5.000000
   2585.000000	309.155000	3.664329	0.000000	-5.000000
   2590.000000	309.172500	3.656835	0.000000	-5.000000
   2595.000000	309.190000	3.649356	0.000000	-5.000000
   2600.000000	309.207500	3.641890	0.000000	-5.000000
   2605.000000	309.225000	3.634438	0.000000	-5.000000
   2610.000000	309.242500	3.626999	0.000000	-5.000000
   2615.000000	309.260000	3.619575	0.000000	-5.000000
   2620.000000	309.277500	3.612164	0.000000	-5.000000
   2625.000000	309.295000	3.604767	0.000000	-5.000000
   2630.000000	309.312500	3.597384	0.000000	-5.000000
   2635.000000	309.330000	3.590015	0.000000	-5.000000
   2640.000000	309.347500	3.582659	0.000000	-5.000000
   2645.000000	309.365000	3.575317	0.000000	-5.000000
   2650.000000	309.382500	3.567989	0.000000	-5.000000
   2655.000000	309.400000	3.560675	0.000000	-5.000000
   2660.000000	309.417500	3.553374	0.000000	-5.000000
   2665.000000	309.435000	3.546086	0.000000	-5.000000
   2670.000000	309.452500	3.538812	0.000000	-5.000000
   2675.000000	309.470000	3.531552	0.000000	-5.000000
   2680.000000	309.487500	3.524305	0.000000	-5.000000
   2685.000000	309.505000	3.517072	0.000000	-5.000000
   2690.000000	309.522500	3.509852	0.000000	-5.000000
   2695.000000	309.540000	3.502646	0.000000	-5.000000
   2700.000000	309.557500	3.495453	0.000000	-5.000000
   2705.000000	309.575000	3.488274	0.000000	-5.000000
   2710.000000	309.592500	3.481108	0.000000	-5.000000
   2715.000000	309.610000	3.473955	0.000000	-5.000000
   2720.000000	309.627500	3.466816	0.000000	-5.000000
   2725.000000	309.645000	3.459690	0.000000	-5.000000
   2730.000000	309.662500	3.452577	0.000000	-5.000000
   2735.000000	309.680000	3.445478	0.000000	-5.000000
   2740.000000	309.697500	3.438392	0.000000	-5.000000
   2745.000000	309.715000	3.431319	0.000000	-5.000000
   2750.000000	309.732500	3.424259	0.000000	-5.000000
   2755.000000	309.750000	3.417213	0.000000	-5.000000
   2760.000000	309.767500	3.410180	0.000000	-5.000000
   2765.000000	309.785000	3.403159	0.000000	-5.000000
   2770.000000	309.802500	3.396152	0.000000	-5.000000
   2775.000000	309.820000	3.389158	0.000000	-5.000000
   2780.000000	309.837500	3.382178	0.000000	-5.000000
   2785.000000	309.855000	3.375210	0.000000	-5.000000
   2790.000000	309.872500	3.368255	0.000000	-5.000000
   2795.000000	309.890000	3.361313	0.000000	-5.000000
   2800.000000	309.907500	3.354385	0.000000	-5.000000
   2805.000000	309.925000	3.347469	0.000000	-5.000000
   2810.000000	309.942500	3.340566	0.000000	-5.000000
   2815.000000	309.960000	3.333676	0.000000	-5.000000
   2820.000000	309.977500	3.326799	0.000000	-5.000000
   2825.000000	309.995000	3.319935	0.000000	-5.000000
   2830.000000	310.012500	3.313084	0.000000	-5.000000
   2835.000000	310.030000	3.306246	0.000000	-5.000000
   2840.000000	310.047500	3.299420	0.000000	-5.000000
   2845.000000	310.065000	3.292607	0.000000	-5.000000
   2850.000000	310.082500	3.285807	0.000000	-5.000000
   2855.000000	310.100000	3.279020	0.000000	-5.000000
   2860.000000	310.117500	3.272246	0.000000	-5.000000
   2865.000000	310.135000	3.265484	0.000000	-5.000000
   2870.000000	310.152500	3.258735	0.000000	-5.000000
   2875.000000	310.170000	3.251998	0.000000	-5.000000
   2880.000000	310.187500	3.245275	0.000000	-5.000000
   2885.000000	310.205000	3.238564	0.000000	-5.000000
   2890.000000	310.222500	3.231865	0.000000	-5.000000
   2895.000000	310.240000	3.225179	0.000000	-5.000000
   2900.000000	310.257500	3.218506	0.000000	-5.000000
   2905.000000	310.275000	3.211845	0.000000	-5.000000
   2910.000000	310.292500	3.205197	0.000000	-5.000000
   2915.000000	310.310000	3.198561	0.000000	-5.000000
   2920.000000	310.327500	3.191937	0.000000	-5.000000
   2925.000000	310.345000	3.185327	0.000000	-5.000000
   2930.000000	310.362500	3.178728	0.000000	-5.000000
   2935.000000	310.380000	3.172142	0.000000	-5.000000
   2940.000000	310.397500	3.165568	0.000000	-5.000000
   2945.000000	310.415000	3.159007	0.000000	-5.000000
   2950.000000	310.432500	3.152458	0.000000	-5.000000
   2955.000000	310.450000	3.145922	0.000000	-5.000000
   2960.000000	310.467500	3.139397	0.000000	-5.000000
   2965.000000	310.485000	3.132886	0.000000	-5.000000
   2970.000000	310.502500	3.126386	0.000000	-5.000000
   2975.000000	310.520000	3.119898	0.000000	-5.000000
   2980.000000	310.537500	3.113423	0.000000	-5.000000
   2985.000000	310.555000	3.106960	0.000000	-5.000000
   2990.000000	310.572500	3.100509	0.000000	-5.000000
   2995.000000	310.590000	3.094071	0.000000	-5.000000
   3000.000000	310.607500	3.087644	0.000000	-5.000000
   3005.000000	310.625000	3.081230	0.000000	-5.000000
   3010.000000	310.642500	3.074827	0.000000	-5.000000
   3015.000000	310.660000	3.068437	0.000000	-5.000000
   3020.000000	310.677500	3.062059	0.000000	-5.000000
   3025.000000	310.695000	3.055693	0.000000	-5.000000
   3030.000000	310.712500	3.049339	0.000000	-5.000000
   3035.000000	310.730000	3.042997	0.000000	-5.000000
   3040.000000	310.747500	3.036667	0.000000	-5.000000
   3045.000000	310.765000	3.030349	0.000000	-5.000000
   3050.000000	310.782500	3.024042	0.000000	-5.000000
   3055.000000	310.800000	3.017748	0.000000	-5.000000
   3060.000000	310.817500	3.011466	0.000000	-5.000000
   3065.000000	310.835000	3.005195	0.000000	-5.000000
   3070.000000	310.852500	2.998937	0.000000	-5.000000
   3075.000000	310.870000	2.992690	0.000000	-5.000000
   3080.000000	310.887500	2.986455	0.000000	-5.000000
   3085.000000	310.905000	2.980232	0.000000	-5.000000
   3090.000000	310.922500	2.974020	0.000000	-5.000000
   3095.000000	310.940000	2.967821	0.000000	-5.000000
   3100.000000	310.957500	2.961633	0.000000	-5.000000
   3105.000000	310.975000	2.955457	0.000000	-5.000000
   3110.000000	310.992500	2.949292	0.000000	-5.000000
   3115.000000	311.010000	2.943139	0.000000	-5.000000
   3120.000000	311.027500	2.936998	0.000000	-5.000000
   3125.000000	311.045000	2.930869	0.000000	-5.000000
   3130.000000	311.062500	2.924751	0.000000	-5.000000
   3135.000000	311.080000	2.918645	0.000000	-5.000000
   3140.000000	311.097500	2.912550	0.000000	-5.000000
   3145.000000	311.115000	2.906467	0.000000	-5.000000
   3150.000000	311.132500	2.900395	0.000000	-5.000000
   3155.000000	311.150000	2.894335	0.000000	-5.000000
   3160.000000	311.167500	2.888287	0.000000	-5.000000
   3165.000000	311.185000	2.882249	0.000000	-5.000000
   3170.000000	311.202500	2.876224	0.000000	-5.000000
   3175.000000	311.220000	2.870210	0.000000	-5.000000
   3180.000000	311.237500	2.864207	0.000000	-5.000000
   3185.000000	311.255000	2.858216	0.000000	-5.000000
   3190.000000	311.272500	2.852236	0.000000	-5.000000
   3195.000000	311.290000	2.846267	0.000000	-5.000000
   3200.000000	311.307500	2.840310	0.000000	-5.000000
   3205.000000	311.325000	2.834364	0.000000	-5.000000
   3210.000000	311.342500	2.828429	0.000000	-5.000000
   3215.000000	311.360000	2.822506	0.000000	-5.000000
   3220.000000	311.377500	2.816594	0.000000	-5.000000
   3225.000000	311.395000	2.810693	0.000000	-5.000000
   3230.000000	311.412500	2.804803	0.000000	-5.000000
   3235.000000	311.430000	2.798925	0.000000	-5.000000
   3240.000000	311.447500	2.793058	0.000000	-5.000000
   3245.000000	311.465000	2.787202	0.000000	-5.000000
   3250.000000	311.482500	2.781357	0.000000	-5.000000
   3255.000000	311.500000	2.775523	0.000000	-5.000000
   3260.000000	311.517500	2.769700	0.000000	-5.000000
   3265.000000	311.535000	2.763889	0.000000	-5.000000
   3270.000000	311.552500	2.758088	0.000000	-5.000000
   3275.000000	311.570000	2.752299	0.000000	-5.000000
   3280.000000	311.587500	2.746521	0.000000	-5.000000
   3285.000000	311.605000	2.740753	0.000000	-5.000000
   3290.000000	311.622500	2.734997	0.000000	-5.000000
   3295.000000	311.640000	2.729252	0.000000	-5.000000
   3300.000000	311.657500	2.723517	0.000000	-5.000000
   3305.000000	311.675000	2.717794	0.000000	-5.000000
   3310.000000	311.692500	2.712081	0.000000	-5.000000
   3315.000000	311.710000	2.706380	0.000000	-5.000000
   3320.000000	311.727500	2.700689	0.000000	-5.000000
   3325.000000	311.745000	2.695009	0.000000	-5.000000
   3330.000000	311.762500	2.689340	0.000000	-5.000000
   3335.000000	311.780000	2.683682	0.000000	-5.000000
   3340.000000	311.797500	2.678035	0.000000	-5.000000
   3345.000000	311.815000	2.672398	0.000000	-5.000000
   3350.000000	311.832500	2.666772	0.000000	-5.000000
   3355.000000	311.850000	2.661157	0.000000	-5.000000
   3360.000000	311.867500	2.655553	0.000000	-5.000000
   3365.000000	311.885000	2.649960	0.000000	-5.000000
   3370.000000	311.902500	2.644377	0.000000	-5.000000
   3375.000000	311.920000	2.638805	0.000000	-5.000000
   3380.000000	311.937500	2.633243	0.000000	-5.000000
   3385.000000	311.955000	2.627692	0.000000	-5.000000
   3390.000000	311.972500	2.622152	0.000000	-5.000000
   3395.000000	311.990000	2.616622	0.000000	-5.000000
   3400.000000	312.007500	2.611103	0.000000	-5.000000
   3405.000000	312.025000	2.605595	0.000000	-5.000000
   3410.000000	312.042500	2.600097	0.000000	-5.000000
   3415.000000	312.060000	2.594610	0.000000	-5.000000
   3420.000000	312.077500	2.589133	0.000000	-5.000000
   3425.000000	312.095000	2.583667	0.000000	-5.000000
   3430.000000	312.112500	2.578211	0.000000	-5.000000
   3435.000000	312.130000	2.572765	0.000000	-5.000000
   3440.000000	312.147500	2.567331	0.000000	-5.000000
   3445.000000	312.165000	2.561906	0.000000	-5.000000
   3450.000000	312.182500	2.556492	0.000000	-5.000000
   3455.000000	312.200000	2.551088	0.000000	-5.000000
   3460.000000	312.217500	2.545695	0.000000	-5.000000
   3465.000000	312.235000	2.540312	0.000000	-5.000000
   3470.000000	312.252500	2.534939	0.000000	-5.000000
   3475.000000	312.270000	2.529577	0.000000	-5.000000
   3480.000000	312.287500	2.524225	0.000000	-5.000000
   3485.000000	312.305000	2.518884	0.000000	-5.000000
   3490.000000	312.322500	2.513552	0.000000	-5.000000
   3495.000000	312.340000	2.508231	0.000000	-5.000000
   3500.000000	312.357500	2.502920	0.000000	-5.000000
   3505.000000	312.375000	2.497619	0.000000	-5.000000
   3510.000000	312.392500	2.492329	0.000000	-5.000000
   3515.000000	312.410000	2.487049	0.000000	-5.000000
   3520.000000	312.427500	2.481778	0.000000	-5.000000
   3525.000000	312.445000	2.476518	0.000000	-5.000000
   3530.000000	312.462500	2.471268	0.000000	-5.000000
   3535.000000	312.480000	2.466029	0.000000	-5.000000
   3540.000000	312.497500	2.460799	0.000000	-5.000000
   3545.000000	312.515000	2.455579	0.000000	-5.000000
   3550.000000	312.532500	2.450370	0.000000	-5.000000
   3555.000000	312.550000	2.445170	0.000000	-5.000000
   3560.000000	312.567500	2.439981	0.000000	-5.000000
   3565.000000	312.585000	2.434801	0.000000	-5.000000
   3570.000000	312.602500	2.429632	0.000000	-5.000000
   3575.000000	312.620000	2.424472	0.000000	-5.000000
   3580.000000	312.637500	2.419323	0.000000	-5.000000
   3585.000000	312.655000	2.414183	0.000000	-5.000000
   3590.000000	312.672500	2.409054	0.000000	-5.000000
   3595.000000	312.690000	2.403934	0.000000	-5.000000
   3600.000000	312.707500	2.398824	0.000000	-5.000000
   3605.000000	312.725000	2.393724	0.000000	-5.000000
   3610.000000	312.742500	2.388634	0.000000	-5.000000
   3615.000000	312.760000	2.383553	0.000000	-5.000000
   3620.000000	312.777500	2.378483	0.000000	-5.000000
   3625.000000	312.795000	2.373422	0.000000	-5.000000
   3630.000000	312.812500	2.368371	0.000000	-5.000000
   3635.000000	312.830000	2.363330	0.000000	-5.000000
   3640.000000	312.847500	2.358299	0.000000	-5.000000
   3645.000000	312.865000	2.353277	0.000000	-5.000000
   3650.000000	312.882500	2.348265	0.000000	-5.000000
   3655.000000	312.900000	2.343263	0.000000	-5.000000
   3660.000000	312.917500	2.338270	0.000000	-5.000000
   3665.000000	312.935000	2.333287	0.000000	-5.000000
   3670.000000	312.952500	2.328314	0.000000	-5.000000
   3675.000000	312.970000	2.323350	0.000000	-5.000000
   3680.000000	312.987500	2.318396	0.000000	-5.000000
   3685.000000	313.005000	2.313452	0.000000	-5.000000
   3690.000000	313.022500	2.308517	0.000000	-5.000000
   3695.000000	313.040000	2.303592	0.000000	-5.000000
   3700.000000	313.057500	2.298676	0.000000	-5.000000
   3705.000000	313.075000	2.293770	0.000000	-5.000000
   3710.000000	313.092500	2.288873	0.000000	-5.000000
   3715.000000	313.110000	2.283986	0.000000	-5.000000
   3720.000000	313.127500	2.279108	0.000000	-5.000000
   3725.000000	313.145000	2.274240	0.000000	-5.000000
   3730.000000	313.162500	2.269381	0.000000	-5.000000
   3735.000000	313.180000	2.264532	0.000000	-5.000000
   3740.000000	313.197500	2.259692	0.000000	-5.000000
   3745.000000	313.215000	2.254861	0.000000	-5.000000
   3750.000000	313.232500	2.250040	0.000000	-5.000000
   3755.000000	313.250000	2.245229	0.000000	-5.000000
   3760.000000	313.267500	2.240426	0.000000	-5.000000
   3765.000000	313.285000	2.235633	0.000000	-5.000000
   3770.000000	313.302500	2.230849	0.000000	-5.000000
   3775.000000	313.320000	2.226075	0.000000	-5.000000
   3780.000000	313.337500	2.221310	0.000000	-5.000000
   3785.000000	313.355000	2.216554	0.000000	-5.000000
   3790.000000	313.372500	2.211807	0.000000	-5.000000
   3795.000000	313.390000	2.207070	0.000000	-5.000000
   3800.000000	313.407500	2.202341	0.000000	-5.000000
   3805.000000	313.425000	2.197622	0.000000	-5.000000
   3810.000000	313.442500	2.192913	0.000000	-5.000000
   3815.000000	313.460000	2.188212	0.000000	-5.000000
   3820.000000	313.477500	2.183521	0.000000	-5.000000
   3825.000000	313.495000	2.178838	0.000000	-5.000000
   3830.000000	313.512500	2.174165	0.000000	-5.000000
   3835.000000	313.530000	2.169501	0.000000	-5.000000
   3840.000000	313.547500	2.164846	0.000000	-5.000000
   3845.000000	313.565000	2.160200	0.000000	-5.000000
   3850.000000	313.582500	2.155563	0.000000	-5.000000
   3855.000000	313.600000	2.150935	0.000000	-5.000000
   3860.000000	313.617500	2.146317	0.000000	-5.000000
   3865.000000	313.635000	2.141707	0.000000	-5.000000
   3870.000000	313.652500	2.137106	0.000000	-5.000000
   3875.000000	313.670000	2.132514	0.000000	-5.000000
   3880.000000	313.687500	2.127932	0.000000	-5.000000
   3885.000000	313.705000	2.123358	0.000000	-5.000000
   3890.000000	313.722500	2.118793	0.000000	-5.000000
   3895.000000	313.740000	2.114237	0.000000	-5.000000
   3900.000000	313.757500	2.109690	0.000000	-5.000000
   3905.000000	313.775000	2.105151	0.000000	-5.000000
   3910.000000	313.792500	2.100622	0.000000	-5.000000
   3915.000000	313.810000	2.096102	0.000000	-5.000000
   3920.000000	313.827500	2.091590	0.000000	-5.000000
   3925.000000	313.845000	2.087087	0.000000	-5.000000
   3930.000000	313.862500	2.082593	0.000000	-5.000000
   3935.000000	313.880000	2.078108	0.000000	-5.000000
   3940.000000	313.897500	2.073632	0.000000	-5.000000
   3945.000000	313.915000	2.069164	0.000000	-5.000000
   3950.000000	313.932500	2.064705	0.000000	-5.000000
   3955.000000	313.950000	2.060255	0.000000	-5.000000
   3960.000000	313.967500	2.055814	0.000000	-5.000000
   3965.000000	313.985000	2.051381	0.000000	-5.000000
   3970.000000	314.002500	2.046957	0.000000	-5.000000
   3975.000000	314.020000	2.042541	0.000000	-5.000000
   3980.000000	314.037500	2.038135	0.000000	-5.000000
   3985.000000	314.055000	2.033737	0.000000	-5.000000
   3990.000000	314.072500	2.029347	0.000000	-5.000000
   3995.000000	314.090000	2.024966	0.000000	-5.000000
   4000.000000	314.107500	2.020594	0.000000	-5.000000
   4005.000000	314.125000	2.016230	0.000000	-5.000000
   4010.000000	314.142500	2.011875	0.000000	-5.000000
   4015.000000	314.160000	2.007529	0.000000	-5.000000
   4020.000000	314.177500	2.003191	0.000000	-5.000000
   4025.000000	314.195000	1.998861	0.000000	-5.000000
   4030.000000	314.212500	1.994540	0.000000	-5.000000
   4035.000000	314.230000	1.990228	0.000000	-5.000000
   4040.000000	314.247500	1.985924	0.000000	-5.000000
   4045.000000	314.265000	1.981628	0.000000	-5.000000
   4050.000000	314.282500	1.977341	0.000000	-5.000000
   4055.000000	314.300000	1.973063	0.000000	-5.000000
   4060.000000	314.317500	1.968792	0.000000	-5.000000
   4065.000000	314.335000	1.964531	0.000000	-5.000000
   4070.000000	314.352500	1.960277	0.000000	-5.000000
   4075.000000	314.370000	1.956032	0.000000	-5.000000
   4080.000000	314.387500	1.951795	0.000000	-5.000000
   4085.000000	314.405000	1.947567	0.000000	-5.000000
   4090.000000	314.422500	1.943347	0.000000	-5.000000
   4095.000000	314.440000	1.939135	0.000000	-5.000000
   4100.000000	314.457500	1.934932	0.000000	-5.000000
   4105.000000	314.475000	1.930737	0.000000	-5.000000
   4110.000000	314.492500	1.926550	0.000000	-5.000000
   4115.000000	314.510000	1.922371	0.000000	-5.000000
   4120.000000	314.527500	1.918201	0.000000	-5.000000
   4125.000000	314.545000	1.914039	0.000000	-5.000000
   4130.000000	314.562500	1.909885	0.000000	-5.000000
   4135.000000	314.580000	1.905739	0.000000	-5.000000
   4140.000000	314.597500	1.901601	0.000000	-5.000000
   4145.000000	314.615000	1.897472	0.000000	-5.000000
   4150.000000	314.632500	1.893351	0.000000	-5.000000
   4155.000000	314.650000	1.889238	0.000000	-5.000000
   4160.000000	314.667500	1.885133	0.000000	-5.000000
   4165.000000	314.685000	1.881036	0.000000	-5.000000
   4170.000000	314.702500	1.876947	0.000000	-5.000000
   4175.000000	314.720000	1.872867	0.000000	-5.000000
   4180.000000	314.737500	1.868794	0.000000	-5.000000
   4185.000000	314.755000	1.864729	0.000000	-5.000000
   4190.000000	314.772500	1.860673	0.000000	-5.000000
   4195.000000	314.790000	1.856624	0.000000	-5.000000
   4200.000000	314.807500	1.852584	0.000000	-5.000000
   4205.000000	314.825000	1.848551	0.000000	-5.000000
   4210.000000	314.842500	1.844527	0.000000	-5.000000
   4215.000000	314.860000	1.840510	0.000000	-5.000000
   4220.000000	314.877500	1.836502	0.000000	-5.000000
