0.00
10.00
20.00
30.00
40.00
50.00
60.00
70.00
80.00
90.00
100.00
110.00
120.00
130.00
140.00
150.00
160.00
170.00
180.00
190.00
200.00
210.00
220.00
230.00
240.00
250.00
260.00
270.00
280.00
290.00
300.00
310.00
320.00
330.00
340.00
350.00
360.00
370.00
380.00
390.00
400.00
410.00
420.00
430.00
440.00
450.00
460.00
470.00
480.00
490.00
500.00
510.00
520.00
530.00
540.00
550.00
560.00
570.00
580.00
590.00
600.00
610.00
620.00
630.00
640.00
650.00
660.00
670.00
680.00
690.00
700.00
710.00
720.00
730.00
740.00
750.00
760.00
770.00
780.00
790.00
800.00
810.00
820.00
830.00
840.00
850.00
860.00
870.00
880.00
890.00
900.00
910.00
920.00
930.00
940.00
950.00
960.00
970.00
980.00
990.00
1000.00
1010.00
1020.30
1030.91
1041.84
1053.09
1064.68
1076.62
1088.92
1101.59
1114.64
1128.08
1141.92
1156.18
1170.86
1185.99
1201.57
1217.61
1234.14
1251.17
1268.70
1286.76
1305.36
1324.52
1344.26
1364.59
1385.52
1407.09
1429.30
1452.18
1475.75
1500.02
1525.00
1550.00
1575.00
1600.00
1625.00
1650.00
1675.00
1700.00
1725.00
1750.00
1775.00
1800.00
1825.00
1850.00
1875.00
1900.00
1925.00
1950.00
1975.00
2000.00
2025.00
2050.00
2075.00
2100.00
2125.00
2150.00
2175.00
2200.00
2225.00
2250.00
2275.00
2300.00
2325.00
2350.00
2375.00
2400.00
2425.00
2450.00
2475.00
2500.00
2525.00
2550.00
2575.00
2600.00
2625.00
2650.00
2675.00
2700.00
2725.00
2750.00
2775.00
2800.00
2825.00
2850.00
2875.00
2900.00
2925.00
2950.00
2975.00
3000.00
3025.00
3050.00
3075.00
3100.00
3125.00
3150.00
3175.00
3200.00
3225.00
3250.00
3275.00
3300.00
3325.00
3350.00
3375.00
3400.00
3425.00
3450.00
3475.00
3500.00
3525.00
3550.00
3575.00
3600.00
3625.00
3650.00
3675.00
3700.00
3725.00
3750.00
3775.00
3800.00
3825.00
3850.00
3875.00
3900.00
3925.00
3950.00
3975.00
4000.00
4025.00
4050.00
 