   934.500000	302.400000	11.309594
   5.000000	302.366046	10.704072	0.000000	0.000000
   10.000000	302.332093	10.098551	0.000000	0.000000
   15.000000	302.298139	9.493029	0.000000	0.000000
   20.000000	302.264185	8.887507	0.000000	0.000000
   25.000000	302.247755	8.843055	0.000000	0.000000
   30.000000	302.231324	8.798602	0.000000	0.000000
   35.000000	302.214894	8.754149	0.000000	0.000000
   40.000000	302.198464	8.709696	0.000000	0.000000
   45.000000	302.184083	8.670725	0.000000	0.000000
   50.000000	302.179895	8.659005	0.000000	0.000000
   55.000000	302.175707	8.647286	0.000000	0.000000
   60.000000	302.171518	8.635566	0.000000	0.000000
   65.000000	302.167330	8.623847	0.000000	0.000000
   70.000000	302.163142	8.612127	0.000000	0.000000
   75.000000	302.158953	8.600408	0.000000	0.000000
   80.000000	302.156445	8.593111	0.000000	0.000000
   85.000000	302.154623	8.587620	0.000000	0.000000
   90.000000	302.152801	8.582129	0.000000	0.000000
   95.000000	302.150978	8.576638	0.000000	0.000000
   100.000000	302.149156	8.571147	0.000000	0.000000
   105.000000	302.147334	8.565656	0.000000	0.000000
   110.000000	302.145512	8.560165	0.000000	0.000000
   115.000000	302.143689	8.554674	0.000000	0.000000
   120.000000	302.142612	8.551132	0.000000	0.000000
   125.000000	302.141572	8.547687	0.000000	0.000000
   130.000000	302.140532	8.544241	0.000000	0.000000
   135.000000	302.139491	8.540796	0.000000	0.000000
   140.000000	302.138451	8.537351	0.000000	0.000000
   145.000000	302.137411	8.533906	0.000000	0.000000
   150.000000	302.136371	8.530461	0.000000	0.000000
   155.000000	302.135330	8.527016	0.000000	0.000000
   160.000000	302.134385	8.523819	0.000000	0.000000
   165.000000	302.133718	8.521353	0.000000	0.000000
   170.000000	302.133051	8.518887	0.000000	0.000000
   175.000000	302.132384	8.516421	0.000000	0.000000
   180.000000	302.131717	8.513955	0.000000	0.000000
   185.000000	302.131050	8.511489	0.000000	0.000000
   190.000000	302.130384	8.509023	0.000000	0.000000
   195.000000	302.129717	8.506557	0.000000	0.000000
   200.000000	302.129050	8.504091	0.000000	0.000000
   205.000000	302.128383	8.501625	0.000000	0.000000
   210.000000	302.127881	8.499595	0.000000	0.000000
   215.000000	302.127439	8.497724	0.000000	0.000000
   220.000000	302.126997	8.495854	0.000000	0.000000
   225.000000	302.126555	8.493983	0.000000	0.000000
   230.000000	302.126113	8.492113	0.000000	0.000000
   235.000000	302.125671	8.490243	0.000000	0.000000
   240.000000	302.125229	8.488372	0.000000	0.000000
   245.000000	302.124787	8.486502	0.000000	0.000000
   250.000000	302.124345	8.484631	0.000000	0.000000
   255.000000	302.123903	8.482761	0.000000	0.000000
   260.000000	302.123537	8.481097	0.000000	0.000000
   265.000000	302.123258	8.479668	0.000000	0.000000
   270.000000	302.122979	8.478239	0.000000	0.000000
   275.000000	302.122700	8.476811	0.000000	0.000000
   280.000000	302.122422	8.475382	0.000000	0.000000
   285.000000	302.122143	8.473953	0.000000	0.000000
   290.000000	302.121864	8.472525	0.000000	0.000000
   295.000000	302.121585	8.471096	0.000000	0.000000
   300.000000	302.121306	8.469667	0.000000	0.000000
   305.000000	302.121028	8.468238	0.000000	0.000000
   310.000000	302.120749	8.466810	0.000000	0.000000
   315.000000	302.120546	8.465593	0.000000	0.000000
   320.000000	302.120417	8.464580	0.000000	0.000000
   325.000000	302.120288	8.463567	0.000000	0.000000
   330.000000	302.120159	8.462554	0.000000	0.000000
   335.000000	302.120030	8.461541	0.000000	0.000000
   340.000000	302.119901	8.460527	0.000000	0.000000
   345.000000	302.119772	8.459514	0.000000	0.000000
   350.000000	302.119642	8.458501	0.000000	0.000000
   355.000000	302.119513	8.457488	0.000000	0.000000
   360.000000	302.119384	8.456474	0.000000	0.000000
   365.000000	302.119255	8.455461	0.000000	0.000000
   370.000000	302.119126	8.454448	0.000000	0.000000
   375.000000	302.119196	8.454022	0.000000	0.000000
   380.000000	302.119289	8.453662	0.000000	0.000000
   385.000000	302.119382	8.453302	0.000000	0.000000
   390.000000	302.119474	8.452942	0.000000	0.000000
   395.000000	302.119567	8.452582	0.000000	0.000000
   400.000000	302.119660	8.452222	0.000000	0.000000
   405.000000	302.119752	8.451862	0.000000	0.000000
   410.000000	302.119845	8.451502	0.000000	0.000000
   415.000000	302.119938	8.451142	0.000000	0.000000
   420.000000	302.120031	8.450782	0.000000	0.000000
   425.000000	302.120123	8.450422	0.000000	0.000000
   430.000000	302.120216	8.450062	0.000000	0.000000
   435.000000	302.120639	8.451570	0.000000	0.000000
   440.000000	302.121234	8.454052	0.000000	0.000000
   445.000000	302.121829	8.456534	0.000000	0.000000
   450.000000	302.122424	8.459017	0.000000	0.000000
   455.000000	302.123020	8.461499	0.000000	0.000000
   460.000000	302.123615	8.463981	0.000000	0.000000
   465.000000	302.124210	8.466463	0.000000	0.000000
   470.000000	302.124805	8.468946	0.000000	0.000000
   475.000000	302.125400	8.471428	0.000000	0.000000
   480.000000	302.125995	8.473910	0.000000	0.000000
   485.000000	302.126591	8.476392	0.000000	0.000000
   490.000000	302.127186	8.478875	0.000000	0.000000
   495.000000	302.127781	8.481357	0.000000	0.000000
   500.000000	302.128767	8.487780	0.000000	0.000000
   505.000000	302.129848	8.495165	0.000000	0.000000
   510.000000	302.130929	8.502550	0.000000	0.000000
   515.000000	302.132011	8.509936	0.000000	0.000000
   520.000000	302.133092	8.517321	0.000000	0.000000
   525.000000	302.134173	8.524706	0.000000	0.000000
   530.000000	302.135255	8.532091	0.000000	0.000000
   535.000000	302.136336	8.539477	0.000000	0.000000
   540.000000	302.137417	8.546862	0.000000	0.000000
   545.000000	302.138499	8.554247	0.000000	0.000000
   550.000000	302.139580	8.561633	0.000000	0.000000
   555.000000	302.140661	8.569018	0.000000	0.000000
   560.000000	302.141742	8.576403	0.000000	0.000000
   565.000000	302.142952	8.583544	0.000000	0.000000
   570.000000	302.144397	8.590233	0.000000	0.000000
   575.000000	302.145842	8.596922	0.000000	0.000000
   580.000000	302.147288	8.603611	0.000000	0.000000
   585.000000	302.148733	8.610300	0.000000	0.000000
   590.000000	302.150178	8.616989	0.000000	0.000000
   595.000000	302.151624	8.623679	0.000000	0.000000
   600.000000	302.153069	8.630368	0.000000	0.000000
   605.000000	302.154514	8.637057	0.000000	0.000000
   610.000000	302.155960	8.643746	0.000000	0.000000
   615.000000	302.157405	8.650435	0.000000	0.000000
   620.000000	302.158850	8.657124	0.000000	0.000000
   625.000000	302.160296	8.663813	0.000000	0.000000
   630.000000	302.161741	8.670503	0.000000	0.000000
   635.000000	302.163433	8.676386	0.000000	0.000000
   640.000000	302.165678	8.680466	0.000000	0.000000
   645.000000	302.167923	8.684545	0.000000	0.000000
   650.000000	302.170169	8.688624	0.000000	0.000000
   655.000000	302.172414	8.692704	0.000000	0.000000
   660.000000	302.174659	8.696783	0.000000	0.000000
   665.000000	302.176904	8.700862	0.000000	0.000000
   670.000000	302.179149	8.704941	0.000000	0.000000
   675.000000	302.181394	8.709021	0.000000	0.000000
   680.000000	302.183640	8.713100	0.000000	0.000000
   685.000000	302.185885	8.717179	0.000000	0.000000
   690.000000	302.188130	8.721259	0.000000	0.000000
   695.000000	302.190375	8.725338	0.000000	0.000000
   700.000000	302.192620	8.729417	0.000000	0.000000
   705.000000	302.194865	8.733496	0.000000	0.000000
   710.000000	302.198745	8.731568	0.000000	0.000000
   715.000000	302.203395	8.726803	0.000000	0.000000
   720.000000	302.208046	8.722038	0.000000	0.000000
   725.000000	302.212696	8.717273	0.000000	0.000000
   730.000000	302.217347	8.712509	0.000000	0.000000
   735.000000	302.221998	8.707744	0.000000	0.000000
   740.000000	302.226648	8.702979	0.000000	0.000000
   745.000000	302.231299	8.698214	0.000000	0.000000
   750.000000	302.235950	8.693449	0.000000	0.000000
   755.000000	302.240600	8.688684	0.000000	0.000000
   760.000000	302.245251	8.683920	0.000000	0.000000
   765.000000	302.249901	8.679155	0.000000	0.000000
   770.000000	302.254552	8.674390	0.000000	0.000000
   775.000000	302.259203	8.669625	0.000000	0.000000
   780.000000	302.263853	8.664860	0.000000	0.000000
   785.000000	302.270633	8.649492	0.000000	0.000000
   790.000000	302.279860	8.621939	0.000000	0.000000
   795.000000	302.289087	8.594386	0.000000	0.000000
   800.000000	302.298314	8.566833	0.000000	0.000000
   805.000000	302.307540	8.539280	0.000000	0.000000
   810.000000	302.316767	8.511727	0.000000	0.000000
   815.000000	302.325994	8.484174	0.000000	0.000000
   820.000000	302.335220	8.456621	0.000000	0.000000
   825.000000	302.344447	8.429068	0.000000	0.000000
   830.000000	302.353674	8.401515	0.000000	0.000000
   835.000000	302.362901	8.373962	0.000000	0.000000
   840.000000	302.372127	8.346409	0.000000	0.000000
   845.000000	302.381354	8.318856	0.000000	0.000000
   850.000000	302.390581	8.291303	0.000000	0.000000
   855.000000	302.399808	8.263750	0.000000	0.000000
   860.000000	302.409034	8.236196	0.000000	0.000000
   865.000000	302.422784	8.193553	0.000000	0.000000
   870.000000	302.438804	8.143332	0.000000	0.000000
   875.000000	302.454824	8.093111	0.000000	0.000000
   880.000000	302.470844	8.042890	0.000000	0.000000
   885.000000	302.486864	7.992669	0.000000	0.000000
   890.000000	302.502884	7.942448	0.000000	0.000000
   895.000000	302.518904	7.892227	0.000000	0.000000
   900.000000	302.534925	7.842006	0.000000	0.000000
   905.000000	302.550945	7.791785	0.000000	0.000000
   910.000000	302.566965	7.741564	0.000000	0.000000
   915.000000	302.582985	7.691343	0.000000	0.000000
   920.000000	302.599005	7.641122	0.000000	0.000000
   925.000000	302.615025	7.590901	0.000000	0.000000
   930.000000	302.631046	7.540680	0.000000	0.000000
   935.000000	302.647066	7.490459	0.000000	0.000000
   940.000000	302.663086	7.440238	0.000000	0.000000
   945.000000	302.679436	7.392909	0.000000	0.000000
   950.000000	302.696643	7.353112	0.000000	0.000000
   955.000000	302.713851	7.313315	0.000000	0.000000
   960.000000	302.731059	7.273518	0.000000	0.000000
   965.000000	302.748266	7.233721	0.000000	0.000000
   970.000000	302.765474	7.193924	0.000000	0.000000
   975.000000	302.782682	7.154127	0.000000	0.000000
   980.000000	302.799889	7.114330	0.000000	0.000000
   985.000000	302.817097	7.074533	0.000000	0.000000
   990.000000	302.834305	7.034736	0.000000	0.000000
   995.000000	302.851512	6.994939	0.000000	0.000000
   1000.000000	302.868720	6.955142	0.000000	0.000000
   1005.000000	302.885928	6.915345	0.000000	0.000000
   1010.000000	302.903136	6.875548	0.000000	0.000000
   1015.000000	302.920343	6.835751	0.000000	0.000000
   1020.000000	302.937551	6.795954	0.000000	0.000000
   1025.000000	302.954759	6.756157	0.000000	0.000000
   1030.000000	302.970033	6.722286	0.000000	0.000000
   1035.000000	302.980704	6.702523	0.000000	0.000000
   1040.000000	302.991375	6.682760	0.000000	0.000000
   1045.000000	303.002047	6.662997	0.000000	0.000000
   1050.000000	303.012718	6.643234	0.000000	0.000000
   1055.000000	303.023389	6.623471	0.000000	0.000000
   1060.000000	303.034060	6.603709	0.000000	0.000000
   1065.000000	303.044731	6.583946	0.000000	0.000000
   1070.000000	303.055403	6.564183	0.000000	0.000000
   1075.000000	303.066074	6.544420	0.000000	0.000000
   1080.000000	303.076745	6.524657	0.000000	0.000000
   1085.000000	303.087416	6.504894	0.000000	0.000000
   1090.000000	303.098087	6.485131	0.000000	0.000000
   1095.000000	303.108759	6.465368	0.000000	0.000000
   1100.000000	303.119430	6.445606	0.000000	0.000000
   1105.000000	303.130101	6.425843	0.000000	0.000000
   1110.000000	303.140772	6.406080	0.000000	0.000000
   1115.000000	303.151443	6.386317	0.000000	0.000000
   1120.000000	303.166126	6.357729	0.000000	0.000000
   1125.000000	303.182415	6.325610	0.000000	0.000000
   1130.000000	303.198703	6.293491	0.000000	0.000000
   1135.000000	303.214991	6.261372	0.000000	0.000000
   1140.000000	303.231279	6.229254	0.000000	0.000000
   1145.000000	303.247567	6.197135	0.000000	0.000000
   1150.000000	303.263855	6.165016	0.000000	0.000000
   1155.000000	303.280143	6.132897	0.000000	0.000000
   1160.000000	303.296431	6.100778	0.000000	0.000000
   1165.000000	303.312719	6.068659	0.000000	0.000000
   1170.000000	303.329007	6.036541	0.000000	0.000000
   1175.000000	303.345295	6.004422	0.000000	0.000000
   1180.000000	303.361583	5.972303	0.000000	0.000000
   1185.000000	303.377871	5.940184	0.000000	0.000000
   1190.000000	303.394159	5.908065	0.000000	0.000000
   1195.000000	303.410447	5.875946	0.000000	0.000000
   1200.000000	303.426735	5.843828	0.000000	0.000000
   1205.000000	303.443023	5.811709	0.000000	0.000000
   1210.000000	303.463920	5.777243	0.000000	0.000000
   1215.000000	303.488986	5.740655	0.000000	0.000000
   1220.000000	303.514051	5.704066	0.000000	0.000000
   1225.000000	303.539117	5.667478	0.000000	0.000000
   1230.000000	303.564182	5.630889	0.000000	0.000000
   1235.000000	303.589248	5.594301	0.000000	0.000000
   1240.000000	303.614313	5.557712	0.000000	0.000000
   1245.000000	303.639379	5.521124	0.000000	0.000000
   1250.000000	303.664444	5.484536	0.000000	0.000000
   1255.000000	303.689510	5.447947	0.000000	0.000000
   1260.000000	303.714576	5.411359	0.000000	0.000000
   1265.000000	303.739641	5.374770	0.000000	0.000000
   1270.000000	303.764707	5.338182	0.000000	0.000000
   1275.000000	303.789772	5.301593	0.000000	0.000000
   1280.000000	303.814838	5.265005	0.000000	0.000000
   1285.000000	303.839903	5.228416	0.000000	0.000000
   1290.000000	303.864969	5.191828	0.000000	0.000000
   1295.000000	303.890034	5.155239	0.000000	0.000000
   1300.000000	303.915100	5.118651	0.000000	0.000000
   1305.000000	303.943787	5.076924	0.000000	0.000000
   1310.000000	303.973888	5.033190	0.000000	0.000000
   1315.000000	304.003990	4.989456	0.000000	0.000000
   1320.000000	304.034092	4.945722	0.000000	0.000000
   1325.000000	304.064193	4.901988	0.000000	0.000000
   1330.000000	304.094295	4.858254	0.000000	0.000000
   1335.000000	304.124397	4.814520	0.000000	0.000000
   1340.000000	304.154498	4.770785	0.000000	0.000000
   1345.000000	304.184600	4.727051	0.000000	0.000000
   1350.000000	304.214701	4.683317	0.000000	0.000000
   1355.000000	304.244803	4.639583	0.000000	0.000000
   1360.000000	304.274905	4.595849	0.000000	0.000000
   1365.000000	304.305006	4.552115	0.000000	0.000000
   1370.000000	304.335108	4.508381	0.000000	0.000000
   1375.000000	304.365210	4.464647	0.000000	0.000000
   1380.000000	304.395311	4.420913	0.000000	0.000000
   1385.000000	304.425413	4.377179	0.000000	0.000000
   1390.000000	304.455514	4.333445	0.000000	0.000000
   1395.000000	304.485616	4.289710	0.000000	0.000000
   1400.000000	304.516277	4.248648	0.000000	0.000000
   1405.000000	304.548335	4.214251	0.000000	0.000000
   1410.000000	304.580393	4.179854	0.000000	0.000000
   1415.000000	304.612451	4.145457	0.000000	0.000000
   1420.000000	304.644509	4.111060	0.000000	0.000000
   1425.000000	304.676567	4.076663	0.000000	0.000000
   1430.000000	304.708625	4.042266	0.000000	0.000000
   1435.000000	304.740683	4.007869	0.000000	0.000000
   1440.000000	304.772741	3.973472	0.000000	0.000000
   1445.000000	304.804799	3.939075	0.000000	0.000000
   1450.000000	304.836857	3.904678	0.000000	0.000000
   1455.000000	304.868915	3.870281	0.000000	0.000000
   1460.000000	304.900973	3.835884	0.000000	0.000000
   1465.000000	304.933031	3.801487	0.000000	0.000000
   1470.000000	304.965088	3.767090	0.000000	0.000000
   1475.000000	304.997146	3.732693	0.000000	0.000000
   1480.000000	305.029204	3.698296	0.000000	0.000000
   1485.000000	305.061262	3.663899	0.000000	0.000000
   1490.000000	305.093320	3.629502	0.000000	0.000000
   1495.000000	305.125378	3.595105	0.000000	0.000000
   1500.000000	305.155304	3.563980	0.000000	0.000000
   1505.000000	305.177437	3.544814	0.000000	0.000000
   1510.000000	305.199570	3.525648	0.000000	0.000000
   1515.000000	305.221703	3.506482	0.000000	0.000000
   1520.000000	305.243836	3.487316	0.000000	0.000000
   1525.000000	305.265969	3.468150	0.000000	0.000000
   1530.000000	305.288102	3.448984	0.000000	0.000000
   1535.000000	305.310236	3.429818	0.000000	0.000000
   1540.000000	305.332369	3.410652	0.000000	0.000000
   1545.000000	305.354502	3.391486	0.000000	0.000000
   1550.000000	305.376635	3.372320	0.000000	0.000000
   1555.000000	305.398768	3.353154	0.000000	0.000000
   1560.000000	305.420901	3.333988	0.000000	0.000000
   1565.000000	305.443034	3.314823	0.000000	0.000000
   1570.000000	305.465167	3.295657	0.000000	0.000000
   1575.000000	305.487300	3.276491	0.000000	0.000000
   1580.000000	305.509434	3.257325	0.000000	0.000000
   1585.000000	305.531567	3.238159	0.000000	0.000000
   1590.000000	305.553700	3.218993	0.000000	0.000000
   1595.000000	305.575833	3.199827	0.000000	0.000000
   1600.000000	305.597966	3.180661	0.000000	0.000000
   1605.000000	305.624017	3.159255	0.000000	0.000000
   1610.000000	305.654099	3.135546	0.000000	0.000000
   1615.000000	305.684180	3.111837	0.000000	0.000000
   1620.000000	305.714261	3.088128	0.000000	0.000000
   1625.000000	305.744342	3.064418	0.000000	0.000000
   1630.000000	305.774424	3.040709	0.000000	0.000000
   1635.000000	305.804505	3.017000	0.000000	0.000000
   1640.000000	305.834586	2.993291	0.000000	0.000000
   1645.000000	305.864668	2.969581	0.000000	0.000000
   1650.000000	305.894749	2.945872	0.000000	0.000000
   1655.000000	305.924830	2.922163	0.000000	0.000000
   1660.000000	305.954912	2.898454	0.000000	0.000000
   1665.000000	305.984993	2.874745	0.000000	0.000000
   1670.000000	306.015074	2.851035	0.000000	0.000000
   1675.000000	306.045156	2.827326	0.000000	0.000000
   1680.000000	306.075237	2.803617	0.000000	0.000000
   1685.000000	306.105318	2.779908	0.000000	0.000000
   1690.000000	306.135400	2.756199	0.000000	0.000000
   1695.000000	306.165481	2.732489	0.000000	0.000000
   1700.000000	306.195562	2.708780	0.000000	0.000000
   1705.000000	306.225644	2.685071	0.000000	0.000000
   1710.000000	306.254956	2.663378	0.000000	0.000000
   1715.000000	306.277865	2.658476	0.000000	0.000000
   1720.000000	306.300773	2.653573	0.000000	0.000000
   1725.000000	306.323682	2.648671	0.000000	0.000000
   1730.000000	306.346591	2.643768	0.000000	0.000000
   1735.000000	306.369500	2.638866	0.000000	0.000000
   1740.000000	306.392409	2.633963	0.000000	0.000000
   1745.000000	306.415318	2.629061	0.000000	0.000000
   1750.000000	306.438226	2.624158	0.000000	0.000000
   1755.000000	306.461135	2.619256	0.000000	0.000000
   1760.000000	306.484044	2.614353	0.000000	0.000000
   1765.000000	306.506953	2.609451	0.000000	0.000000
   1770.000000	306.529862	2.604548	0.000000	0.000000
   1775.000000	306.552770	2.599646	0.000000	0.000000
   1780.000000	306.575679	2.594743	0.000000	0.000000
   1785.000000	306.598588	2.589841	0.000000	0.000000
   1790.000000	306.621497	2.584938	0.000000	0.000000
   1795.000000	306.644406	2.580036	0.000000	0.000000
   1800.000000	306.667314	2.575133	0.000000	0.000000
   1805.000000	306.690223	2.570231	0.000000	0.000000
   1810.000000	306.713132	2.565328	0.000000	0.000000
   1815.000000	306.736041	2.560426	0.000000	0.000000
   1820.000000	306.758791	2.555785	0.000000	0.000000
   1825.000000	306.778072	2.556892	0.000000	0.000000
   1830.000000	306.797352	2.557999	0.000000	0.000000
   1835.000000	306.816633	2.559106	0.000000	0.000000
   1840.000000	306.835913	2.560212	0.000000	0.000000
   1845.000000	306.855194	2.561319	0.000000	0.000000
   1850.000000	306.874474	2.562426	0.000000	0.000000
   1855.000000	306.893755	2.563532	0.000000	0.000000
   1860.000000	306.913035	2.564639	0.000000	0.000000
   1865.000000	306.932316	2.565746	0.000000	0.000000
   1870.000000	306.951596	2.566853	0.000000	0.000000
   1875.000000	306.970877	2.567959	0.000000	0.000000
   1880.000000	306.990157	2.569066	0.000000	0.000000
   1885.000000	307.009438	2.570173	0.000000	0.000000
   1890.000000	307.028718	2.571279	0.000000	0.000000
   1895.000000	307.047999	2.572386	0.000000	0.000000
   1900.000000	307.067279	2.573493	0.000000	0.000000
   1905.000000	307.086560	2.574600	0.000000	0.000000
   1910.000000	307.105840	2.575706	0.000000	0.000000
   1915.000000	307.125121	2.576813	0.000000	0.000000
   1920.000000	307.144401	2.577920	0.000000	0.000000
   1925.000000	307.163682	2.579026	0.000000	0.000000
   1930.000000	307.182962	2.580133	0.000000	0.000000
   1935.000000	307.201518	2.580179	0.000000	0.000000
   1940.000000	307.218274	2.577592	0.000000	0.000000
   1945.000000	307.235031	2.575005	0.000000	0.000000
   1950.000000	307.251787	2.572418	0.000000	0.000000
   1955.000000	307.268543	2.569831	0.000000	0.000000
   1960.000000	307.285300	2.567244	0.000000	0.000000
   1965.000000	307.302056	2.564657	0.000000	0.000000
   1970.000000	307.318812	2.562070	0.000000	0.000000
   1975.000000	307.335569	2.559483	0.000000	0.000000
   1980.000000	307.352325	2.556896	0.000000	0.000000
   1985.000000	307.369082	2.554309	0.000000	0.000000
   1990.000000	307.385838	2.551721	0.000000	0.000000
   1995.000000	307.402594	2.549134	0.000000	0.000000
   2000.000000	307.419351	2.546547	0.000000	0.000000
   2005.000000	307.436107	2.543960	0.000000	0.000000
   2010.000000	307.452863	2.541373	0.000000	0.000000
   2015.000000	307.469620	2.538786	0.000000	0.000000
   2020.000000	307.486376	2.536199	0.000000	0.000000
   2025.000000	307.503133	2.533612	0.000000	0.000000
   2030.000000	307.519889	2.531025	0.000000	0.000000
   2035.000000	307.536645	2.528438	0.000000	0.000000
   2040.000000	307.553402	2.525851	0.000000	0.000000
   2045.000000	307.570158	2.523264	0.000000	0.000000
   2050.000000	307.586914	2.520677	0.000000	0.000000
   2055.000000	307.604305	2.510027	0.000000	0.000000
   2060.000000	307.621833	2.497631	0.000000	0.000000
   2065.000000	307.639362	2.485236	0.000000	0.000000
   2070.000000	307.656890	2.472841	0.000000	0.000000
   2075.000000	307.674418	2.460446	0.000000	0.000000
   2080.000000	307.691946	2.448050	0.000000	0.000000
   2085.000000	307.709474	2.435655	0.000000	0.000000
   2090.000000	307.727003	2.423260	0.000000	0.000000
   2095.000000	307.744531	2.410864	0.000000	0.000000
   2100.000000	307.762059	2.398469	0.000000	0.000000
   2105.000000	307.779587	2.386074	0.000000	0.000000
   2110.000000	307.797115	2.373679	0.000000	0.000000
   2115.000000	307.814644	2.361283	0.000000	0.000000
   2120.000000	307.832172	2.348888	0.000000	0.000000
   2125.000000	307.849700	2.336493	0.000000	0.000000
   2130.000000	307.867228	2.324097	0.000000	0.000000
   2135.000000	307.884756	2.311702	0.000000	0.000000
   2140.000000	307.902284	2.299307	0.000000	0.000000
   2145.000000	307.919813	2.286912	0.000000	0.000000
   2150.000000	307.937341	2.274516	0.000000	0.000000
   2155.000000	307.954869	2.262121	0.000000	0.000000
   2160.000000	307.972397	2.249726	0.000000	0.000000
   2165.000000	307.989925	2.237330	0.000000	0.000000
   2170.000000	308.007454	2.224935	0.000000	0.000000
   2175.000000	308.024090	2.215147	0.000000	0.000000
   2180.000000	308.040207	2.206878	0.000000	0.000000
   2185.000000	308.056323	2.198608	0.000000	0.000000
   2190.000000	308.072440	2.190339	0.000000	0.000000
   2195.000000	308.088557	2.182070	0.000000	0.000000
   2200.000000	308.104674	2.173800	0.000000	0.000000
   2205.000000	308.120790	2.165531	0.000000	0.000000
   2210.000000	308.136907	2.157262	0.000000	0.000000
   2215.000000	308.153024	2.148992	0.000000	0.000000
   2220.000000	308.169141	2.140723	0.000000	0.000000
   2225.000000	308.185258	2.132454	0.000000	0.000000
   2230.000000	308.201374	2.124184	0.000000	0.000000
   2235.000000	308.217491	2.115915	0.000000	0.000000
   2240.000000	308.233608	2.107646	0.000000	0.000000
   2245.000000	308.249725	2.099376	0.000000	0.000000
   2250.000000	308.265841	2.091107	0.000000	0.000000
   2255.000000	308.281958	2.082838	0.000000	0.000000
   2260.000000	308.298075	2.074568	0.000000	0.000000
   2265.000000	308.314192	2.066299	0.000000	0.000000
   2270.000000	308.330308	2.058030	0.000000	0.000000
   2275.000000	308.346425	2.049760	0.000000	0.000000
   2280.000000	308.362542	2.041491	0.000000	0.000000
   2285.000000	308.378659	2.033222	0.000000	0.000000
   2290.000000	308.394775	2.024952	0.000000	0.000000
   2295.000000	308.410892	2.016683	0.000000	0.000000
   2300.000000	308.425904	2.011378	0.000000	0.000000
   2305.000000	308.440441	2.007349	0.000000	0.000000
   2310.000000	308.454977	2.003319	0.000000	0.000000
   2315.000000	308.469514	1.999289	0.000000	0.000000
   2320.000000	308.484051	1.995260	0.000000	0.000000
   2325.000000	308.498588	1.991230	0.000000	0.000000
   2330.000000	308.513124	1.987201	0.000000	0.000000
   2335.000000	308.527661	1.983171	0.000000	0.000000
   2340.000000	308.542198	1.979141	0.000000	0.000000
   2345.000000	308.556734	1.975112	0.000000	0.000000
   2350.000000	308.571271	1.971082	0.000000	0.000000
   2355.000000	308.585808	1.967052	0.000000	0.000000
   2360.000000	308.600345	1.963023	0.000000	0.000000
   2365.000000	308.614881	1.958993	0.000000	0.000000
   2370.000000	308.629418	1.954963	0.000000	0.000000
   2375.000000	308.643955	1.950934	0.000000	0.000000
   2380.000000	308.658492	1.946904	0.000000	0.000000
   2385.000000	308.673028	1.942874	0.000000	0.000000
   2390.000000	308.687565	1.938845	0.000000	0.000000
   2395.000000	308.702102	1.934815	0.000000	0.000000
   2400.000000	308.716638	1.930785	0.000000	0.000000
   2405.000000	308.731175	1.926756	0.000000	0.000000
   2410.000000	308.745712	1.922726	0.000000	0.000000
   2415.000000	308.760249	1.918697	0.000000	0.000000
   2420.000000	308.774785	1.914667	0.000000	0.000000
   2425.000000	308.789342	1.910639	0.000000	0.000000
   2430.000000	308.807034	1.906846	0.000000	0.000000
   2435.000000	308.824727	1.903053	0.000000	0.000000
   2440.000000	308.842420	1.899260	0.000000	0.000000
   2445.000000	308.860113	1.895467	0.000000	0.000000
   2450.000000	308.877806	1.891674	0.000000	0.000000
   2455.000000	308.895498	1.887881	0.000000	0.000000
   2460.000000	308.913191	1.884088	0.000000	0.000000
   2465.000000	308.930884	1.880294	0.000000	0.000000
   2470.000000	308.948577	1.876501	0.000000	0.000000
   2475.000000	308.966269	1.872708	0.000000	0.000000
   2480.000000	308.983962	1.868915	0.000000	0.000000
   2485.000000	309.001655	1.865122	0.000000	0.000000
   2490.000000	309.019348	1.861329	0.000000	0.000000
   2495.000000	309.037041	1.857536	0.000000	0.000000
   2500.000000	309.054733	1.853743	0.000000	0.000000
   2505.000000	309.072426	1.849950	0.000000	0.000000
   2510.000000	309.090119	1.846157	0.000000	0.000000
   2515.000000	309.107812	1.842364	0.000000	0.000000
   2520.000000	309.125505	1.838571	0.000000	0.000000
   2525.000000	309.143197	1.834778	0.000000	0.000000
   2530.000000	309.160890	1.830985	0.000000	0.000000
   2535.000000	309.178583	1.827192	0.000000	0.000000
   2540.000000	309.196276	1.823399	0.000000	0.000000
   2545.000000	309.213969	1.819606	0.000000	0.000000
   2550.000000	309.231661	1.815813	0.000000	0.000000
   2555.000000	309.249354	1.812020	0.000000	0.000000
   2560.000000	309.268074	1.808086	0.000000	0.000000
   2565.000000	309.287692	1.804030	0.000000	0.000000
   2570.000000	309.307309	1.799974	0.000000	0.000000
   2575.000000	309.326926	1.795917	0.000000	0.000000
   2580.000000	309.346544	1.791861	0.000000	0.000000
   2585.000000	309.366161	1.787805	0.000000	0.000000
   2590.000000	309.385779	1.783749	0.000000	0.000000
   2595.000000	309.405396	1.779692	0.000000	0.000000
   2600.000000	309.425014	1.775636	0.000000	0.000000
   2605.000000	309.444631	1.771580	0.000000	0.000000
   2610.000000	309.464248	1.767523	0.000000	0.000000
   2615.000000	309.483866	1.763467	0.000000	0.000000
   2620.000000	309.503483	1.759411	0.000000	0.000000
   2625.000000	309.523101	1.755354	0.000000	0.000000
   2630.000000	309.542718	1.751298	0.000000	0.000000
   2635.000000	309.562335	1.747242	0.000000	0.000000
   2640.000000	309.581953	1.743186	0.000000	0.000000
   2645.000000	309.601570	1.739129	0.000000	0.000000
   2650.000000	309.621188	1.735073	0.000000	0.000000
   2655.000000	309.640805	1.731017	0.000000	0.000000
   2660.000000	309.660423	1.726960	0.000000	0.000000
   2665.000000	309.680040	1.722904	0.000000	0.000000
   2670.000000	309.699657	1.718848	0.000000	0.000000
   2675.000000	309.719275	1.714791	0.000000	0.000000
   2680.000000	309.738892	1.710735	0.000000	0.000000
   2685.000000	309.758510	1.706679	0.000000	0.000000
   2690.000000	309.778127	1.702623	0.000000	0.000000
   2695.000000	309.800036	1.697254	0.000000	0.000000
   2700.000000	309.828394	1.688192	0.000000	0.000000
   2705.000000	309.856751	1.679129	0.000000	0.000000
   2710.000000	309.885108	1.670067	0.000000	0.000000
   2715.000000	309.913466	1.661005	0.000000	0.000000
   2720.000000	309.941823	1.651943	0.000000	0.000000
   2725.000000	309.970180	1.642880	0.000000	0.000000
   2730.000000	309.998538	1.633818	0.000000	0.000000
   2735.000000	310.026895	1.624756	0.000000	0.000000
   2740.000000	310.055252	1.615694	0.000000	0.000000
   2745.000000	310.083610	1.606631	0.000000	0.000000
   2750.000000	310.111967	1.597569	0.000000	0.000000
   2755.000000	310.140324	1.588507	0.000000	0.000000
   2760.000000	310.168682	1.579445	0.000000	0.000000
   2765.000000	310.197039	1.570382	0.000000	0.000000
   2770.000000	310.225396	1.561320	0.000000	0.000000
   2775.000000	310.253754	1.552258	0.000000	0.000000
   2780.000000	310.282111	1.543196	0.000000	0.000000
   2785.000000	310.310469	1.534133	0.000000	0.000000
   2790.000000	310.338826	1.525071	0.000000	0.000000
   2795.000000	310.367183	1.516009	0.000000	0.000000
   2800.000000	310.395541	1.506947	0.000000	0.000000
   2805.000000	310.423898	1.497884	0.000000	0.000000
   2810.000000	310.452255	1.488822	0.000000	0.000000
   2815.000000	310.480613	1.479760	0.000000	0.000000
   2820.000000	310.508970	1.470698	0.000000	0.000000
   2825.000000	310.537327	1.461635	0.000000	0.000000
   2830.000000	310.565685	1.452573	0.000000	0.000000
   2835.000000	310.594487	1.443859	0.000000	0.000000
   2840.000000	310.625447	1.436830	0.000000	0.000000
   2845.000000	310.656407	1.429801	0.000000	0.000000
   2850.000000	310.687367	1.422772	0.000000	0.000000
   2855.000000	310.718327	1.415743	0.000000	0.000000
   2860.000000	310.749287	1.408714	0.000000	0.000000
   2865.000000	310.780247	1.401685	0.000000	0.000000
   2870.000000	310.811207	1.394656	0.000000	0.000000
   2875.000000	310.842167	1.387627	0.000000	0.000000
   2880.000000	310.873127	1.380598	0.000000	0.000000
   2885.000000	310.904087	1.373569	0.000000	0.000000
   2890.000000	310.935047	1.366540	0.000000	0.000000
   2895.000000	310.966007	1.359511	0.000000	0.000000
   2900.000000	310.996967	1.352482	0.000000	0.000000
   2905.000000	311.027927	1.345453	0.000000	0.000000
   2910.000000	311.058887	1.338424	0.000000	0.000000
   2915.000000	311.089847	1.331395	0.000000	0.000000
   2920.000000	311.120807	1.324366	0.000000	0.000000
   2925.000000	311.151767	1.317337	0.000000	0.000000
   2930.000000	311.182727	1.310308	0.000000	0.000000
   2935.000000	311.213687	1.303279	0.000000	0.000000
   2940.000000	311.244647	1.296250	0.000000	0.000000
   2945.000000	311.275607	1.289220	0.000000	0.000000
   2950.000000	311.306567	1.282191	0.000000	0.000000
   2955.000000	311.337526	1.275162	0.000000	0.000000
   2960.000000	311.368486	1.268133	0.000000	0.000000
   2965.000000	311.399446	1.261104	0.000000	0.000000
   2970.000000	311.430406	1.254075	0.000000	0.000000
   2975.000000	311.461366	1.247046	0.000000	0.000000
   2980.000000	311.491673	1.241386	0.000000	0.000000
   2985.000000	311.519902	1.240084	0.000000	0.000000
   2990.000000	311.548130	1.238782	0.000000	0.000000
   2995.000000	311.576359	1.237480	0.000000	0.000000
   3000.000000	311.604587	1.236177	0.000000	0.000000
   3005.000000	311.632816	1.234875	0.000000	0.000000
   3010.000000	311.661044	1.233573	0.000000	0.000000
   3015.000000	311.689273	1.232270	0.000000	0.000000
   3020.000000	311.717501	1.230968	0.000000	0.000000
   3025.000000	311.745730	1.229666	0.000000	0.000000
   3030.000000	311.773958	1.228364	0.000000	0.000000
   3035.000000	311.802187	1.227061	0.000000	0.000000
   3040.000000	311.830415	1.225759	0.000000	0.000000
   3045.000000	311.858644	1.224457	0.000000	0.000000
   3050.000000	311.886872	1.223154	0.000000	0.000000
   3055.000000	311.915101	1.221852	0.000000	0.000000
   3060.000000	311.943329	1.220550	0.000000	0.000000
   3065.000000	311.971558	1.219248	0.000000	0.000000
   3070.000000	311.999786	1.217945	0.000000	0.000000
   3075.000000	312.028015	1.216643	0.000000	0.000000
   3080.000000	312.056243	1.215341	0.000000	0.000000
   3085.000000	312.084472	1.214038	0.000000	0.000000
   3090.000000	312.112700	1.212736	0.000000	0.000000
   3095.000000	312.140928	1.211434	0.000000	0.000000
   3100.000000	312.169157	1.210131	0.000000	0.000000
   3105.000000	312.197385	1.208829	0.000000	0.000000
   3110.000000	312.225614	1.207527	0.000000	0.000000
   3115.000000	312.253842	1.206225	0.000000	0.000000
   3120.000000	312.282071	1.204922	0.000000	0.000000
   3125.000000	312.310299	1.203620	0.000000	0.000000
   3130.000000	312.336132	1.202790	0.000000	0.000000
   3135.000000	312.358962	1.202552	0.000000	0.000000
   3140.000000	312.381793	1.202314	0.000000	0.000000
   3145.000000	312.404623	1.202076	0.000000	0.000000
   3150.000000	312.427453	1.201838	0.000000	0.000000
   3155.000000	312.450284	1.201600	0.000000	0.000000
   3160.000000	312.473114	1.201361	0.000000	0.000000
   3165.000000	312.495945	1.201123	0.000000	0.000000
   3170.000000	312.518775	1.200885	0.000000	0.000000
   3175.000000	312.541605	1.200647	0.000000	0.000000
   3180.000000	312.564436	1.200409	0.000000	0.000000
   3185.000000	312.587266	1.200171	0.000000	0.000000
   3190.000000	312.610096	1.199933	0.000000	0.000000
   3195.000000	312.632927	1.199695	0.000000	0.000000
   3200.000000	312.655757	1.199457	0.000000	0.000000
   3205.000000	312.678588	1.199219	0.000000	0.000000
   3210.000000	312.701418	1.198980	0.000000	0.000000
   3215.000000	312.724248	1.198742	0.000000	0.000000
   3220.000000	312.747079	1.198504	0.000000	0.000000
   3225.000000	312.769909	1.198266	0.000000	0.000000
   3230.000000	312.792740	1.198028	0.000000	0.000000
   3235.000000	312.815570	1.197790	0.000000	0.000000
   3240.000000	312.838400	1.197552	0.000000	0.000000
   3245.000000	312.861231	1.197314	0.000000	0.000000
   3250.000000	312.884061	1.197076	0.000000	0.000000
   3255.000000	312.906891	1.196837	0.000000	0.000000
   3260.000000	312.929722	1.196599	0.000000	0.000000
   3265.000000	312.952552	1.196361	0.000000	0.000000
   3270.000000	312.975383	1.196123	0.000000	0.000000
   3275.000000	312.998213	1.195885	0.000000	0.000000
   3280.000000	313.021043	1.195647	0.000000	0.000000
   3285.000000	313.039601	1.193303	0.000000	0.000000
   3290.000000	313.056826	1.190303	0.000000	0.000000
   3295.000000	313.074052	1.187302	0.000000	0.000000
   3300.000000	313.091277	1.184302	0.000000	0.000000
   3305.000000	313.108502	1.181301	0.000000	0.000000
   3310.000000	313.125728	1.178300	0.000000	0.000000
   3315.000000	313.142953	1.175300	0.000000	0.000000
   3320.000000	313.160178	1.172299	0.000000	0.000000
   3325.000000	313.177403	1.169299	0.000000	0.000000
   3330.000000	313.194629	1.166298	0.000000	0.000000
   3335.000000	313.211854	1.163298	0.000000	0.000000
   3340.000000	313.229079	1.160297	0.000000	0.000000
   3345.000000	313.246305	1.157297	0.000000	0.000000
   3350.000000	313.263530	1.154296	0.000000	0.000000
   3355.000000	313.280755	1.151296	0.000000	0.000000
   3360.000000	313.297980	1.148295	0.000000	0.000000
   3365.000000	313.315206	1.145295	0.000000	0.000000
   3370.000000	313.332431	1.142294	0.000000	0.000000
   3375.000000	313.349656	1.139293	0.000000	0.000000
   3380.000000	313.366882	1.136293	0.000000	0.000000
   3385.000000	313.384107	1.133292	0.000000	0.000000
   3390.000000	313.401332	1.130292	0.000000	0.000000
   3395.000000	313.418557	1.127291	0.000000	0.000000
   3400.000000	313.435783	1.124291	0.000000	0.000000
   3405.000000	313.453008	1.121290	0.000000	0.000000
   3410.000000	313.470233	1.118290	0.000000	0.000000
   3415.000000	313.487459	1.115289	0.000000	0.000000
   3420.000000	313.504684	1.112289	0.000000	0.000000
   3425.000000	313.521909	1.109288	0.000000	0.000000
   3430.000000	313.539134	1.106288	0.000000	0.000000
   3435.000000	313.556360	1.103287	0.000000	0.000000
   3440.000000	313.574934	1.100277	0.000000	0.000000
   3445.000000	313.600094	1.097221	0.000000	0.000000
   3450.000000	313.625254	1.094166	0.000000	0.000000
   3455.000000	313.650413	1.091110	0.000000	0.000000
   3460.000000	313.675573	1.088054	0.000000	0.000000
   3465.000000	313.700733	1.084999	0.000000	0.000000
   3470.000000	313.725893	1.081943	0.000000	0.000000
   3475.000000	313.751052	1.078887	0.000000	0.000000
   3480.000000	313.776212	1.075832	0.000000	0.000000
   3485.000000	313.801372	1.072776	0.000000	0.000000
   3490.000000	313.826532	1.069720	0.000000	0.000000
   3495.000000	313.851691	1.066665	0.000000	0.000000
   3500.000000	313.876851	1.063609	0.000000	0.000000
   3505.000000	313.902011	1.060553	0.000000	0.000000
   3510.000000	313.927170	1.057497	0.000000	0.000000
   3515.000000	313.952330	1.054442	0.000000	0.000000
   3520.000000	313.977490	1.051386	0.000000	0.000000
   3525.000000	314.002650	1.048330	0.000000	0.000000
   3530.000000	314.027809	1.045275	0.000000	0.000000
   3535.000000	314.052969	1.042219	0.000000	0.000000
   3540.000000	314.078129	1.039163	0.000000	0.000000
   3545.000000	314.103288	1.036108	0.000000	0.000000
   3550.000000	314.128448	1.033052	0.000000	0.000000
   3555.000000	314.153608	1.029996	0.000000	0.000000
   3560.000000	314.178768	1.026940	0.000000	0.000000
   3565.000000	314.203927	1.023885	0.000000	0.000000
   3570.000000	314.229087	1.020829	0.000000	0.000000
   3575.000000	314.254247	1.017773	0.000000	0.000000
   3580.000000	314.279407	1.014718	0.000000	0.000000
   3585.000000	314.304566	1.011662	0.000000	0.000000
   3590.000000	314.329726	1.008606	0.000000	0.000000
   3595.000000	314.354886	1.005551	0.000000	0.000000
   3600.000000	314.380045	1.002495	0.000000	0.000000
   3605.000000	314.401567	1.000282	0.000000	0.000000
   3610.000000	314.421060	0.998540	0.000000	0.000000
   3615.000000	314.440553	0.996798	0.000000	0.000000
   3620.000000	314.460045	0.995055	0.000000	0.000000
   3625.000000	314.479538	0.993313	0.000000	0.000000
   3630.000000	314.499031	0.991570	0.000000	0.000000
   3635.000000	314.518524	0.989828	0.000000	0.000000
   3640.000000	314.538016	0.988086	0.000000	0.000000
   3645.000000	314.557509	0.986343	0.000000	0.000000
   3650.000000	314.577002	0.984601	0.000000	0.000000
   3655.000000	314.596494	0.982858	0.000000	0.000000
   3660.000000	314.615987	0.981116	0.000000	0.000000
   3665.000000	314.635480	0.979374	0.000000	0.000000
   3670.000000	314.654973	0.977631	0.000000	0.000000
   3675.000000	314.674465	0.975889	0.000000	0.000000
   3680.000000	314.693958	0.974147	0.000000	0.000000
   3685.000000	314.713451	0.972404	0.000000	0.000000
   3690.000000	314.732943	0.970662	0.000000	0.000000
   3695.000000	314.752436	0.968919	0.000000	0.000000
   3700.000000	314.771929	0.967177	0.000000	0.000000
   3705.000000	314.791422	0.965435	0.000000	0.000000
   3710.000000	314.810914	0.963692	0.000000	0.000000
   3715.000000	314.830407	0.961950	0.000000	0.000000
   3720.000000	314.849900	0.960208	0.000000	0.000000
   3725.000000	314.869392	0.958465	0.000000	0.000000
   3730.000000	314.888885	0.956723	0.000000	0.000000
   3735.000000	314.908378	0.954980	0.000000	0.000000
   3740.000000	314.927871	0.953238	0.000000	0.000000
   3745.000000	314.947363	0.951496	0.000000	0.000000
   3750.000000	314.966856	0.949753	0.000000	0.000000
   3755.000000	314.986349	0.948011	0.000000	0.000000
   3760.000000	315.005841	0.946269	0.000000	0.000000
   3765.000000	315.025334	0.944526	0.000000	0.000000
   3770.000000	315.044147	0.942891	0.000000	0.000000
   3775.000000	315.059154	0.941856	0.000000	0.000000
   3780.000000	315.074160	0.940822	0.000000	0.000000
   3785.000000	315.089166	0.939787	0.000000	0.000000
   3790.000000	315.104173	0.938752	0.000000	0.000000
   3795.000000	315.119179	0.937718	0.000000	0.000000
   3800.000000	315.134186	0.936683	0.000000	0.000000
   3805.000000	315.149192	0.935648	0.000000	0.000000
   3810.000000	315.164199	0.934614	0.000000	0.000000
   3815.000000	315.179205	0.933579	0.000000	0.000000
   3820.000000	315.194211	0.932544	0.000000	0.000000
   3825.000000	315.209218	0.931509	0.000000	0.000000
   3830.000000	315.224224	0.930475	0.000000	0.000000
   3835.000000	315.239231	0.929440	0.000000	0.000000
   3840.000000	315.254237	0.928405	0.000000	0.000000
   3845.000000	315.269244	0.927371	0.000000	0.000000
   3850.000000	315.284250	0.926336	0.000000	0.000000
   3855.000000	315.299257	0.925301	0.000000	0.000000
   3860.000000	315.314263	0.924267	0.000000	0.000000
   3865.000000	315.329269	0.923232	0.000000	0.000000
   3870.000000	315.344276	0.922197	0.000000	0.000000
   3875.000000	315.359282	0.921163	0.000000	0.000000
   3880.000000	315.374289	0.920128	0.000000	0.000000
   3885.000000	315.389295	0.919093	0.000000	0.000000
   3890.000000	315.404302	0.918059	0.000000	0.000000
   3895.000000	315.419308	0.917024	0.000000	0.000000
   3900.000000	315.434314	0.915989	0.000000	0.000000
   3905.000000	315.449321	0.914955	0.000000	0.000000
   3910.000000	315.464327	0.913920	0.000000	0.000000
   3915.000000	315.479334	0.912885	0.000000	0.000000
   3920.000000	315.494340	0.911850	0.000000	0.000000
   3925.000000	315.509347	0.910816	0.000000	0.000000
   3930.000000	315.524353	0.909781	0.000000	0.000000
   3935.000000	315.539359	0.908746	0.000000	0.000000
   3940.000000	315.554366	0.907712	0.000000	0.000000
   3945.000000	315.566939	0.905314	0.000000	0.000000
   3950.000000	315.578320	0.902248	0.000000	0.000000
   3955.000000	315.589700	0.899182	0.000000	0.000000
   3960.000000	315.601081	0.896115	0.000000	0.000000
   3965.000000	315.612461	0.893049	0.000000	0.000000
   3970.000000	315.623842	0.889983	0.000000	0.000000
   3975.000000	315.635222	0.886917	0.000000	0.000000
   3980.000000	315.646602	0.883850	0.000000	0.000000
   3985.000000	315.657983	0.880784	0.000000	0.000000
   3990.000000	315.669363	0.877718	0.000000	0.000000
   3995.000000	315.680744	0.874652	0.000000	0.000000
   4000.000000	315.692124	0.871586	0.000000	0.000000
   4005.000000	315.703504	0.868519	0.000000	0.000000
   4010.000000	315.714885	0.865453	0.000000	0.000000
   4015.000000	315.726265	0.862387	0.000000	0.000000
   4020.000000	315.737646	0.859321	0.000000	0.000000
   4025.000000	315.749026	0.856255	0.000000	0.000000
   4030.000000	315.760407	0.853188	0.000000	0.000000
   4035.000000	315.771787	0.850122	0.000000	0.000000
   4040.000000	315.783167	0.847056	0.000000	0.000000
   4045.000000	315.794548	0.843990	0.000000	0.000000
   4050.000000	315.805928	0.840924	0.000000	0.000000
   4055.000000	315.817309	0.837857	0.000000	0.000000
   4060.000000	315.828689	0.834791	0.000000	0.000000
   4065.000000	315.840070	0.831725	0.000000	0.000000
   4070.000000	315.851450	0.828659	0.000000	0.000000
   4075.000000	315.862830	0.825592	0.000000	0.000000
   4080.000000	315.874211	0.822526	0.000000	0.000000
   4085.000000	315.885591	0.819460	0.000000	0.000000
   4090.000000	315.896972	0.816394	0.000000	0.000000
   4095.000000	315.908352	0.813328	0.000000	0.000000
   4100.000000	315.919733	0.810261	0.000000	0.000000
   4105.000000	315.931113	0.807195	0.000000	0.000000
   4110.000000	315.942493	0.804129	0.000000	0.000000
   4115.000000	315.953874	0.801063	0.000000	0.000000
   4120.000000	315.965576	0.798227	0.000000	0.000000
   4125.000000	315.978837	0.796505	0.000000	0.000000
   4130.000000	315.992098	0.794783	0.000000	0.000000
   4135.000000	316.005359	0.793062	0.000000	0.000000
   4140.000000	316.018620	0.791340	0.000000	0.000000
   4145.000000	316.031881	0.789618	0.000000	0.000000
   4150.000000	316.045142	0.787897	0.000000	0.000000
   4155.000000	316.058403	0.786175	0.000000	0.000000
   4160.000000	316.071664	0.784453	0.000000	0.000000
   4165.000000	316.084925	0.782732	0.000000	0.000000
   4170.000000	316.098186	0.781010	0.000000	0.000000
   4175.000000	316.111447	0.779288	0.000000	0.000000
   4180.000000	316.124708	0.777567	0.000000	0.000000
   4185.000000	316.137968	0.775845	0.000000	0.000000
   4190.000000	316.151229	0.774123	0.000000	0.000000
   4195.000000	316.164490	0.772402	0.000000	0.000000
   4200.000000	316.177751	0.770680	0.000000	0.000000
   4205.000000	316.191012	0.768958	0.000000	0.000000
   4210.000000	316.204273	0.767237	0.000000	0.000000
   4215.000000	316.217534	0.765515	0.000000	0.000000
   4220.000000	316.230795	0.763793	0.000000	0.000000
