0.00
5.00
10.00
15.00
20.00
25.00
30.00
35.00
40.00
45.00
50.00
55.00
60.00
65.00
70.00
75.00
80.00
85.00
90.00
95.00
100.00
105.00
110.00
115.00
120.00
125.00
130.00
135.00
140.00
145.00
150.00
155.00
160.00
165.00
170.00
175.00
180.00
185.00
190.00
195.00
200.00
205.00
210.00
215.00
220.00
225.00
230.00
235.00
240.00
245.00
250.00
255.00
260.00
265.00
270.00
275.00
280.00
285.00
290.00
295.00
300.00
305.00
310.00
315.00
320.00
325.00
330.00
335.00
340.00
345.00
350.00
355.00
360.00
365.00
370.00
375.00
380.00
385.00
390.00
395.00
400.00
405.00
410.16
415.48
420.97
426.63
432.47
438.49
444.70
451.11
457.72
464.54
471.58
478.83
486.32
494.04
502.00
510.22
518.69
527.44
536.45
545.75
555.35
565.25
575.46
585.99
596.85
608.05
619.61
631.54
643.83
656.52
669.61
683.11
697.03
711.39
726.21
741.49
757.26
773.52
790.29
807.60
825.45
843.86
862.85
882.44
902.65
923.49
944.99
967.17
990.05
1013.65
1038.00
1063.11
1089.01
1115.73
1143.30
1171.73
1201.05
1231.30
1262.51
1294.70
1327.90
1362.15
1397.48
1433.93
1471.52
1510.30
1550.00
1590.00
1630.00
1670.00
1710.00
1750.00
1790.00
1830.00
1870.00
1910.00
1950.00
1990.00
2030.00
2070.00
2110.00
2150.00
2190.00
2230.00
2270.00
2310.00
2350.00
2390.00
2430.00
2470.00
2510.00
2550.00
2590.00
2630.00
2670.00
2710.00
2750.00
2790.00
2830.00
2870.00
2910.00
2950.00
2990.00
3030.00
3070.00
3110.00
3150.00
3190.00
3230.00
3270.00
3310.00
3350.00
3390.00
3430.00
3470.00
3510.00
3550.00
3590.00
3630.00
3670.00
3710.00
3750.00
3790.00
3830.00
3870.00
3910.00
3950.00
3990.00

